0.000000
0.003068
0.006136
0.009204
0.012272
0.015340
0.018408
0.021476
0.024544
0.027612
0.030680
0.033748
0.036816
0.039884
0.042951
0.046019
0.049087
0.052155
0.055223
0.058291
0.061359
0.064427
0.067495
0.070563
0.073631
0.076699
0.079767
0.082835
0.085903
0.088971
0.092039
0.095107
0.098175
0.101243
0.104311
0.107379
0.110447
0.113515
0.116583
0.119651
0.122718
0.125786
0.128854
0.131922
0.134990
0.138058
0.141126
0.144194
0.147262
0.150330
0.153398
0.156466
0.159534
0.162602
0.165670
0.168738
0.171806
0.174874
0.177942
0.181010
0.184078
0.187146
0.190214
0.193282
0.196350
0.199418
0.202485
0.205553
0.208621
0.211689
0.214757
0.217825
0.220893
0.223961
0.227029
0.230097
0.233165
0.236233
0.239301
0.242369
0.245437
0.248505
0.251573
0.254641
0.257709
0.260777
0.263845
0.266913
0.269981
0.273049
0.276117
0.279185
0.282252
0.285320
0.288388
0.291456
0.294524
0.297592
0.300660
0.303728
0.306796
0.309864
0.312932
0.316000
0.319068
0.322136
0.325204
0.328272
0.331340
0.334408
0.337476
0.340544
0.343612
0.346680
0.349748
0.352816
0.355884
0.358952
0.362019
0.365087
0.368155
0.371223
0.374291
0.377359
0.380427
0.383495
0.386563
0.389631
0.392699
0.395767
0.398835
0.401903
0.404971
0.408039
0.411107
0.414175
0.417243
0.420311
0.423379
0.426447
0.429515
0.432583
0.435651
0.438719
0.441786
0.444854
0.447922
0.450990
0.454058
0.457126
0.460194
0.463262
0.466330
0.469398
0.472466
0.475534
0.478602
0.481670
0.484738
0.487806
0.490874
0.493942
0.497010
0.500078
0.503146
0.506214
0.509282
0.512350
0.515418
0.518486
0.521553
0.524621
0.527689
0.530757
0.533825
0.536893
0.539961
0.543029
0.546097
0.549165
0.552233
0.555301
0.558369
0.561437
0.564505
0.567573
0.570641
0.573709
0.576777
0.579845
0.582913
0.585981
0.589049
0.592117
0.595185
0.598253
0.601320
0.604388
0.607456
0.610524
0.613592
0.616660
0.619728
0.622796
0.625864
0.628932
0.632000
0.635068
0.638136
0.641204
0.644272
0.647340
0.650408
0.653476
0.656544
0.659612
0.662680
0.665748
0.668816
0.671884
0.674952
0.678020
0.681087
0.684155
0.687223
0.690291
0.693359
0.696427
0.699495
0.702563
0.705631
0.708699
0.711767
0.714835
0.717903
0.720971
0.724039
0.727107
0.730175
0.733243
0.736311
0.739379
0.742447
0.745515
0.748583
0.751651
0.754719
0.757787
0.760854
0.763922
0.766990
0.770058
0.773126
0.776194
0.779262
0.782330
0.785398
0.788466
0.791534
0.794602
0.797670
0.800738
0.803806
0.806874
0.809942
0.813010
0.816078
0.819146
0.822214
0.825282
0.828350
0.831418
0.834486
0.837554
0.840621
0.843689
0.846757
0.849825
0.852893
0.855961
0.859029
0.862097
0.865165
0.868233
0.871301
0.874369
0.877437
0.880505
0.883573
0.886641
0.889709
0.892777
0.895845
0.898913
0.901981
0.905049
0.908117
0.911185
0.914253
0.917321
0.920388
0.923456
0.926524
0.929592
0.932660
0.935728
0.938796
0.941864
0.944932
0.948000
0.951068
0.954136
0.957204
0.960272
0.963340
0.966408
0.969476
0.972544
0.975612
0.978680
0.981748
0.984816
0.987884
0.990952
0.994020
0.997088
1.000155
1.003223
1.006291
1.009359
1.012427
1.015495
1.018563
1.021631
1.024699
1.027767
1.030835
1.033903
1.036971
1.040039
1.043107
1.046175
1.049243
1.052311
1.055379
1.058447
1.061515
1.064583
1.067651
1.070719
1.073787
1.076855
1.079922
1.082990
1.086058
1.089126
1.092194
1.095262
1.098330
1.101398
1.104466
1.107534
1.110602
1.113670
1.116738
1.119806
1.122874
1.125942
1.129010
1.132078
1.135146
1.138214
1.141282
1.144350
1.147418
1.150486
1.153554
1.156622
1.159689
1.162757
1.165825
1.168893
1.171961
1.175029
1.178097
1.181165
1.184233
1.187301
1.190369
1.193437
1.196505
1.199573
1.202641
1.205709
1.208777
1.211845
1.214913
1.217981
1.221049
1.224117
1.227185
1.230253
1.233321
1.236389
1.239456
1.242524
1.245592
1.248660
1.251728
1.254796
1.257864
1.260932
1.264000
1.267068
1.270136
1.273204
1.276272
1.279340
1.282408
1.285476
1.288544
1.291612
1.294680
1.297748
1.300816
1.303884
1.306952
1.310020
1.313088
1.316156
1.319223
1.322291
1.325359
1.328427
1.331495
1.334563
1.337631
1.340699
1.343767
1.346835
1.349903
1.352971
1.356039
1.359107
1.362175
1.365243
1.368311
1.371379
1.374447
1.377515
1.380583
1.383651
1.386719
1.389787
1.392855
1.395923
1.398990
1.402058
1.405126
1.408194
1.411262
1.414330
1.417398
1.420466
1.423534
1.426602
1.429670
1.432738
1.435806
1.438874
1.441942
1.445010
1.448078
1.451146
1.454214
1.457282
1.460350
1.463418
1.466486
1.469554
1.472622
1.475690
1.478757
1.481825
1.484893
1.487961
1.491029
1.494097
1.497165
1.500233
1.503301
1.506369
1.509437
1.512505
1.515573
1.518641
1.521709
1.524777
1.527845
1.530913
1.533981
1.537049
1.540117
1.543185
1.546253
1.549321
1.552389
1.555457
1.558524
1.561592
1.564660
1.567728
1.570796
1.573864
1.576932
1.580000
1.583068
1.586136
1.589204
1.592272
1.595340
1.598408
1.601476
1.604544
1.607612
1.610680
1.613748
1.616816
1.619884
1.622952
1.626020
1.629088
1.632156
1.635224
1.638291
1.641359
1.644427
1.647495
1.650563
1.653631
1.656699
1.659767
1.662835
1.665903
1.668971
1.672039
1.675107
1.678175
1.681243
1.684311
1.687379
1.690447
1.693515
1.696583
1.699651
1.702719
1.705787
1.708855
1.711923
1.714991
1.718058
1.721126
1.724194
1.727262
1.730330
1.733398
1.736466
1.739534
1.742602
1.745670
1.748738
1.751806
1.754874
1.757942
1.761010
1.764078
1.767146
1.770214
1.773282
1.776350
1.779418
1.782486
1.785554
1.788622
1.791690
1.794758
1.797825
1.800893
1.803961
1.807029
1.810097
1.813165
1.816233
1.819301
1.822369
1.825437
1.828505
1.831573
1.834641
1.837709
1.840777
1.843845
1.846913
1.849981
1.853049
1.856117
1.859185
1.862253
1.865321
1.868389
1.871457
1.874525
1.877592
1.880660
1.883728
1.886796
1.889864
1.892932
1.896000
1.899068
1.902136
1.905204
1.908272
1.911340
1.914408
1.917476
1.920544
1.923612
1.926680
1.929748
1.932816
1.935884
1.938952
1.942020
1.945088
1.948156
1.951224
1.954292
1.957359
1.960427
1.963495
1.966563
1.969631
1.972699
1.975767
1.978835
1.981903
1.984971
1.988039
1.991107
1.994175
1.997243
2.000311
2.003379
2.006447
2.009515
2.012583
2.015651
2.018719
2.021787
2.024855
2.027923
2.030991
2.034059
2.037126
2.040194
2.043262
2.046330
2.049398
2.052466
2.055534
2.058602
2.061670
2.064738
2.067806
2.070874
2.073942
2.077010
2.080078
2.083146
2.086214
2.089282
2.092350
2.095418
2.098486
2.101554
2.104622
2.107690
2.110758
2.113826
2.116893
2.119961
2.123029
2.126097
2.129165
2.132233
2.135301
2.138369
2.141437
2.144505
2.147573
2.150641
2.153709
2.156777
2.159845
2.162913
2.165981
2.169049
2.172117
2.175185
2.178253
2.181321
2.184389
2.187457
2.190525
2.193593
2.196660
2.199728
2.202796
2.205864
2.208932
2.212000
2.215068
2.218136
2.221204
2.224272
2.227340
2.230408
2.233476
2.236544
2.239612
2.242680
2.245748
2.248816
2.251884
2.254952
2.258020
2.261088
2.264156
2.267224
2.270292
2.273360
2.276427
2.279495
2.282563
2.285631
2.288699
2.291767
2.294835
2.297903
2.300971
2.304039
2.307107
2.310175
2.313243
2.316311
2.319379
2.322447
2.325515
2.328583
2.331651
2.334719
2.337787
2.340855
2.343923
2.346991
2.350059
2.353127
2.356194
2.359262
2.362330
2.365398
2.368466
2.371534
2.374602
2.377670
2.380738
2.383806
2.386874
2.389942
2.393010
2.396078
2.399146
2.402214
2.405282
2.408350
2.411418
2.414486
2.417554
2.420622
2.423690
2.426758
2.429826
2.432894
2.435961
2.439029
2.442097
2.445165
2.448233
2.451301
2.454369
2.457437
2.460505
2.463573
2.466641
2.469709
2.472777
2.475845
2.478913
2.481981
2.485049
2.488117
2.491185
2.494253
2.497321
2.500389
2.503457
2.506525
2.509593
2.512661
2.515728
2.518796
2.521864
2.524932
2.528000
2.531068
2.534136
2.537204
2.540272
2.543340
2.546408
2.549476
2.552544
2.555612
2.558680
2.561748
2.564816
2.567884
2.570952
2.574020
2.577088
2.580156
2.583224
2.586292
2.589360
2.592428
2.595495
2.598563
2.601631
2.604699
2.607767
2.610835
2.613903
2.616971
2.620039
2.623107
2.626175
2.629243
2.632311
2.635379
2.638447
2.641515
2.644583
2.647651
2.650719
2.653787
2.656855
2.659923
2.662991
2.666059
2.669127
2.672195
2.675262
2.678330
2.681398
2.684466
2.687534
2.690602
2.693670
2.696738
2.699806
2.702874
2.705942
2.709010
2.712078
2.715146
2.718214
2.721282
2.724350
2.727418
2.730486
2.733554
2.736622
2.739690
2.742758
2.745826
2.748894
2.751962
2.755029
2.758097
2.761165
2.764233
2.767301
2.770369
2.773437
2.776505
2.779573
2.782641
2.785709
2.788777
2.791845
2.794913
2.797981
2.801049
2.804117
2.807185
2.810253
2.813321
2.816389
2.819457
2.822525
2.825593
2.828661
2.831729
2.834796
2.837864
2.840932
2.844000
2.847068
2.850136
2.853204
2.856272
2.859340
2.862408
2.865476
2.868544
2.871612
2.874680
2.877748
2.880816
2.883884
2.886952
2.890020
2.893088
2.896156
2.899224
2.902292
2.905360
2.908428
2.911496
2.914563
2.917631
2.920699
2.923767
2.926835
2.929903
2.932971
2.936039
2.939107
2.942175
2.945243
2.948311
2.951379
2.954447
2.957515
2.960583
2.963651
2.966719
2.969787
2.972855
2.975923
2.978991
2.982059
2.985127
2.988195
2.991263
2.994330
2.997398
3.000466
3.003534
3.006602
3.009670
3.012738
3.015806
3.018874
3.021942
3.025010
3.028078
3.031146
3.034214
3.037282
3.040350
3.043418
3.046486
3.049554
3.052622
3.055690
3.058758
3.061826
3.064894
3.067962
3.071030
3.074097
3.077165
3.080233
3.083301
3.086369
3.089437
3.092505
3.095573
3.098641
3.101709
3.104777
3.107845
3.110913
3.113981
3.117049
3.120117
3.123185
3.126253
3.129321
3.132389
3.135457
3.138525
