0.000000
0.002093
0.004186
0.006279
0.008372
0.010465
0.012558
0.014651
0.016744
0.018837
0.020930
0.023023
0.025116
0.027209
0.029302
0.031395
0.033488
0.035581
0.037674
0.039767
0.041860
0.043953
0.046046
0.048139
0.050232
0.052325
0.054418
0.056511
0.058604
0.060697
0.062790
0.064883
0.066976
0.069069
0.071162
0.073255
0.075348
0.077441
0.079534
0.081627
0.083720
0.085813
0.087906
0.089999
0.092092
0.094185
0.096278
0.098371
0.100464
0.102557
0.104650
0.106743
0.108836
0.110929
0.113022
0.115115
0.117208
0.119301
0.121394
0.123487
0.125580
0.127673
0.129766
0.131859
0.133952
0.136045
0.138138
0.140231
0.142324
0.144417
0.146510
0.148603
0.150696
0.152789
0.154882
0.156975
0.159068
0.161161
0.163254
0.165347
0.167440
0.169533
0.171626
0.173719
0.175812
0.177905
0.179998
0.182091
0.184184
0.186277
0.188370
0.190463
0.192556
0.194649
0.196742
0.198835
0.200928
0.203021
0.205114
0.207207
0.209300
0.211393
0.213486
0.215579
0.217672
0.219765
0.221858
0.223951
0.226044
0.228137
0.230230
0.232323
0.234416
0.236509
0.238602
0.240695
0.242788
0.244881
0.246974
0.249067
0.251160
0.253253
0.255346
0.257439
0.259532
0.261625
0.263718
0.265811
0.267904
0.269997
0.272090
0.274183
0.276276
0.278369
0.280462
0.282555
0.284648
0.286741
0.288834
0.290927
0.293020
0.295113
0.297206
0.299299
0.301392
0.303485
0.305578
0.307671
0.309764
0.311857
0.313950
0.316043
0.318136
0.320229
0.322322
0.324415
0.326508
0.328601
0.330694
0.332787
0.334880
0.336973
0.339066
0.341159
0.343252
0.345345
0.347438
0.349531
0.351624
0.353717
0.355810
0.357903
0.359996
0.362089
0.364182
0.366275
0.368368
0.370461
0.372554
0.374647
0.376740
0.378833
0.380926
0.383019
0.385112
0.387205
0.389298
0.391391
0.393484
0.395577
0.397670
0.399763
0.401856
0.403949
0.406042
0.408135
0.410228
0.412321
0.414414
0.416507
0.418600
0.420693
0.422786
0.424879
0.426972
0.429065
0.431158
0.433251
0.435344
0.437437
0.439530
0.441623
0.443716
0.445809
0.447902
0.449995
0.452088
0.454181
0.456274
0.458367
0.460460
0.462553
0.464646
0.466739
0.468832
0.470925
0.473018
0.475111
0.477204
0.479297
0.481390
0.483483
0.485576
0.487669
0.489762
0.491855
0.493948
0.496041
0.498134
0.500227
0.502320
0.504413
0.506506
0.508599
0.510692
0.512785
0.514878
0.516971
0.519064
0.521157
0.523250
0.525343
0.527436
0.529529
0.531622
0.533715
0.535808
0.537901
0.539994
0.542087
0.544180
0.546273
0.548366
0.550459
0.552552
0.554645
0.556738
0.558831
0.560924
0.563017
0.565110
0.567203
0.569296
0.571389
0.573482
0.575575
0.577668
0.579761
0.581854
0.583947
0.586040
0.588133
0.590226
0.592319
0.594412
0.596505
0.598598
0.600691
0.602784
0.604877
0.606970
0.609063
0.611156
0.613249
0.615342
0.617435
0.619528
0.621621
0.623714
0.625807
0.627900
0.629993
0.632086
0.634179
0.636272
0.638365
0.640458
0.642551
0.644644
0.646737
0.648830
0.650923
0.653016
0.655109
0.657202
0.659295
0.661388
0.663481
0.665574
0.667667
0.669760
0.671853
0.673946
0.676039
0.678132
0.680225
0.682318
0.684411
0.686504
0.688597
0.690690
0.692783
0.694876
0.696969
0.699062
0.701155
0.703248
0.705341
0.707434
0.709527
0.711620
0.713713
0.715806
0.717899
0.719992
0.722085
0.724178
0.726271
0.728364
0.730457
0.732550
0.734643
0.736736
0.738829
0.740922
0.743015
0.745108
0.747201
0.749294
0.751387
0.753480
0.755573
0.757666
0.759759
0.761852
0.763945
0.766038
0.768131
0.770224
0.772317
0.774410
0.776503
0.778596
0.780689
0.782782
0.784875
0.786968
0.789061
0.791154
0.793247
0.795340
0.797433
0.799526
0.801619
0.803712
0.805805
0.807898
0.809991
0.812084
0.814177
0.816270
0.818363
0.820456
0.822549
0.824642
0.826735
0.828828
0.830921
0.833014
0.835107
0.837200
0.839293
0.841386
0.843479
0.845572
0.847665
0.849758
0.851851
0.853944
0.856037
0.858130
0.860223
0.862316
0.864409
0.866502
0.868595
0.870688
0.872781
0.874874
0.876967
0.879060
0.881153
0.883246
0.885339
0.887432
0.889525
0.891618
0.893711
0.895804
0.897897
0.899990
0.902083
0.904176
0.906269
0.908362
0.910455
0.912548
0.914641
0.916734
0.918827
0.920920
0.923013
0.925106
0.927199
0.929292
0.931385
0.933478
0.935571
0.937664
0.939757
0.941850
0.943943
0.946036
0.948129
0.950222
0.952315
0.954408
0.956501
0.958594
0.960687
0.962780
0.964873
0.966966
0.969059
0.971152
0.973245
0.975338
0.977431
0.979524
0.981617
0.983710
0.985803
0.987896
0.989989
0.992082
0.994175
0.996268
0.998361
1.000454
1.002547
1.004640
1.006733
1.008826
1.010919
1.013012
1.015105
1.017198
1.019291
1.021384
1.023477
1.025570
1.027663
1.029756
1.031849
1.033942
1.036035
1.038128
1.040221
1.042314
1.044407
1.046500
1.048593
1.050686
1.052779
1.054872
1.056965
1.059058
1.061151
1.063244
1.065337
1.067430
1.069523
1.071616
1.073709
1.075802
1.077895
1.079988
1.082081
1.084174
1.086267
1.088360
1.090453
1.092546
1.094639
1.096732
1.098825
1.100918
1.103011
1.105104
1.107197
1.109290
1.111383
1.113476
1.115569
1.117662
1.119755
1.121848
1.123941
1.126034
1.128127
1.130220
1.132313
1.134406
1.136499
1.138592
1.140685
1.142778
1.144871
1.146964
1.149057
1.151150
1.153243
1.155336
1.157429
1.159522
1.161615
1.163708
1.165801
1.167894
1.169987
1.172080
1.174173
1.176266
1.178359
1.180452
1.182545
1.184638
1.186731
1.188824
1.190917
1.193010
1.195103
1.197196
1.199289
1.201382
1.203475
1.205568
1.207661
1.209754
1.211847
1.213940
1.216033
1.218126
1.220219
1.222312
1.224405
1.226498
1.228591
1.230684
1.232777
1.234870
1.236963
1.239056
1.241149
1.243242
1.245335
1.247428
1.249521
1.251614
1.253707
1.255800
1.257893
1.259986
1.262079
1.264172
1.266265
1.268358
1.270451
1.272544
1.274637
1.276730
1.278823
1.280916
1.283009
1.285102
1.287195
1.289288
1.291381
1.293474
1.295567
1.297660
1.299753
1.301846
1.303939
1.306032
1.308125
1.310218
1.312311
1.314404
1.316497
1.318590
1.320683
1.322776
1.324869
1.326962
1.329055
1.331148
1.333241
1.335334
1.337427
1.339520
1.341613
1.343706
1.345799
1.347892
1.349985
1.352078
1.354171
1.356264
1.358357
1.360450
1.362543
1.364636
1.366729
1.368822
1.370915
1.373008
1.375101
1.377194
1.379287
1.381380
1.383473
1.385566
1.387659
1.389752
1.391845
1.393938
1.396031
1.398124
1.400217
1.402310
1.404403
1.406496
1.408589
1.410682
1.412775
1.414868
1.416961
1.419054
1.421147
1.423240
1.425333
1.427426
1.429519
1.431612
1.433705
1.435798
1.437891
1.439984
1.442077
1.444170
1.446263
1.448356
1.450449
1.452542
1.454635
1.456728
1.458821
1.460914
1.463007
1.465100
1.467193
1.469286
1.471379
1.473472
1.475565
1.477658
1.479751
1.481844
1.483937
1.486030
1.488123
1.490216
1.492309
1.494402
1.496495
1.498588
1.500681
1.502774
1.504867
1.506960
1.509053
1.511146
1.513239
1.515332
1.517425
1.519518
1.521611
1.523704
1.525797
1.527890
1.529983
1.532076
1.534169
1.536262
1.538355
1.540448
1.542541
1.544634
1.546727
1.548820
1.550913
1.553006
1.555099
1.557192
1.559285
1.561378
1.563471
1.565564
1.567657
1.569750
1.571843
1.573936
1.576029
1.578122
1.580215
1.582308
1.584401
1.586494
1.588587
1.590680
1.592773
1.594866
1.596959
1.599052
1.601145
1.603238
1.605331
1.607424
1.609517
1.611610
1.613703
1.615796
1.617889
1.619982
1.622075
1.624168
1.626261
1.628354
1.630447
1.632540
1.634633
1.636726
1.638819
1.640912
1.643005
1.645098
1.647191
1.649284
1.651377
1.653470
1.655563
1.657656
1.659749
1.661842
1.663935
1.666028
1.668121
1.670214
1.672307
1.674400
1.676493
1.678586
1.680679
1.682772
1.684865
1.686958
1.689051
1.691144
1.693237
1.695330
1.697423
1.699516
1.701609
1.703702
1.705795
1.707888
1.709981
1.712074
1.714167
1.716260
1.718353
1.720446
1.722539
1.724632
1.726725
1.728818
1.730911
1.733004
1.735097
1.737190
1.739283
1.741376
1.743469
1.745562
1.747655
1.749748
1.751841
1.753934
1.756027
1.758120
1.760213
1.762306
1.764399
1.766492
1.768585
1.770678
1.772771
1.774864
1.776957
1.779050
1.781143
1.783236
1.785329
1.787422
1.789515
1.791608
1.793701
1.795794
1.797887
1.799980
1.802073
1.804166
1.806259
1.808352
1.810445
1.812538
1.814631
1.816724
1.818817
1.820910
1.823003
1.825096
1.827189
1.829282
1.831375
1.833468
1.835561
1.837654
1.839747
1.841840
1.843933
1.846026
1.848119
1.850212
1.852305
1.854398
1.856491
1.858584
1.860677
1.862770
1.864863
1.866956
1.869049
1.871142
1.873235
1.875328
1.877421
1.879514
1.881607
1.883700
1.885793
1.887886
1.889979
1.892072
1.894165
1.896258
1.898351
1.900444
1.902537
1.904630
1.906723
1.908816
1.910909
1.913002
1.915095
1.917188
1.919281
1.921374
1.923467
1.925560
1.927653
1.929746
1.931839
1.933932
1.936025
1.938118
1.940211
1.942304
1.944397
1.946490
1.948583
1.950676
1.952769
1.954862
1.956955
1.959048
1.961141
1.963234
1.965327
1.967420
1.969513
1.971606
1.973699
1.975792
1.977885
1.979978
1.982071
1.984164
1.986257
1.988350
1.990443
1.992536
1.994629
1.996722
1.998815
2.000908
2.003001
2.005094
2.007187
2.009280
2.011373
2.013466
2.015559
2.017652
2.019745
2.021838
2.023931
2.026024
2.028117
2.030210
2.032303
2.034396
2.036489
2.038582
2.040675
2.042768
2.044861
2.046954
2.049047
2.051140
2.053233
2.055326
2.057419
2.059512
2.061605
2.063698
2.065791
2.067884
2.069977
2.072070
2.074163
2.076256
2.078349
2.080442
2.082535
2.084628
2.086721
2.088814
2.090907
2.093000
2.095093
2.097186
2.099279
2.101372
2.103465
2.105558
2.107651
2.109744
2.111837
2.113930
2.116023
2.118116
2.120209
2.122302
2.124395
2.126488
2.128581
2.130674
2.132767
2.134860
2.136953
2.139046
2.141139
2.143232
2.145325
2.147418
2.149511
2.151604
2.153697
2.155790
2.157883
2.159976
2.162069
2.164162
2.166255
2.168348
2.170441
2.172534
2.174627
2.176720
2.178813
2.180906
2.182999
2.185092
2.187185
2.189278
2.191371
2.193464
2.195557
2.197650
2.199743
2.201836
2.203929
2.206022
2.208115
2.210208
2.212301
2.214394
2.216487
2.218580
2.220673
2.222766
2.224859
2.226952
2.229045
2.231138
2.233231
2.235324
2.237417
2.239510
2.241603
2.243696
2.245789
2.247882
2.249975
2.252068
2.254161
2.256254
2.258347
2.260440
2.262533
2.264626
2.266719
2.268812
2.270905
2.272998
2.275091
2.277184
2.279277
2.281370
2.283463
2.285556
2.287649
2.289742
2.291835
2.293928
2.296021
2.298114
2.300207
2.302300
2.304393
2.306486
2.308579
2.310672
2.312765
2.314858
2.316951
2.319044
2.321137
2.323230
2.325323
2.327416
2.329509
2.331602
2.333695
2.335788
2.337881
2.339974
2.342067
2.344160
2.346253
2.348346
2.350439
2.352532
2.354625
2.356718
2.358811
2.360904
2.362997
2.365090
2.367183
2.369276
2.371369
2.373462
2.375555
2.377648
2.379741
2.381834
2.383927
2.386020
2.388113
2.390206
2.392299
2.394392
2.396485
2.398578
2.400671
2.402764
2.404857
2.406950
2.409043
2.411136
2.413229
2.415322
2.417415
2.419508
2.421601
2.423694
2.425787
2.427880
2.429973
2.432066
2.434159
2.436252
2.438345
2.440438
2.442531
2.444624
2.446717
2.448810
2.450903
2.452996
2.455089
2.457182
2.459275
2.461368
2.463461
2.465554
2.467647
2.469740
2.471833
2.473926
2.476019
2.478112
2.480205
2.482298
2.484391
2.486484
2.488577
2.490670
2.492763
2.494856
2.496949
2.499042
2.501135
2.503228
2.505321
2.507414
2.509507
2.511600
2.513693
2.515786
2.517879
2.519972
2.522065
2.524158
2.526251
2.528344
2.530437
2.532530
2.534623
2.536716
2.538809
2.540902
2.542995
2.545088
2.547181
2.549274
2.551367
2.553460
2.555553
2.557646
2.559739
2.561832
2.563925
2.566018
2.568111
2.570204
2.572297
2.574390
2.576483
2.578576
2.580669
2.582762
2.584855
2.586948
2.589041
2.591134
2.593227
2.595320
2.597413
2.599506
2.601599
2.603692
2.605785
2.607878
2.609971
2.612064
2.614157
2.616250
2.618343
2.620436
2.622529
2.624622
2.626715
2.628808
2.630901
2.632994
2.635087
2.637180
2.639273
2.641366
2.643459
2.645552
2.647645
2.649738
2.651831
2.653924
2.656017
2.658110
2.660203
2.662296
2.664389
2.666482
2.668575
2.670668
2.672761
2.674854
2.676947
2.679040
2.681133
2.683226
2.685319
2.687412
2.689505
2.691598
2.693691
2.695784
2.697877
2.699970
2.702063
2.704156
2.706249
2.708342
2.710435
2.712528
2.714621
2.716714
2.718807
2.720900
2.722993
2.725086
2.727179
2.729272
2.731365
2.733458
2.735551
2.737644
2.739737
2.741830
2.743923
2.746016
2.748109
2.750202
2.752295
2.754388
2.756481
2.758574
2.760667
2.762760
2.764853
2.766946
2.769039
2.771132
2.773225
2.775318
2.777411
2.779504
2.781597
2.783690
2.785783
2.787876
2.789969
2.792062
2.794155
2.796248
2.798341
2.800434
2.802527
2.804620
2.806713
2.808806
2.810899
2.812992
2.815085
2.817178
2.819271
2.821364
2.823457
2.825550
2.827643
2.829736
2.831829
2.833922
2.836015
2.838108
2.840201
2.842294
2.844387
2.846480
2.848573
2.850666
2.852759
2.854852
2.856945
2.859038
2.861131
2.863224
2.865317
2.867410
2.869503
2.871596
2.873689
2.875782
2.877875
2.879968
2.882061
2.884154
2.886247
2.888340
2.890433
2.892526
2.894619
2.896712
2.898805
2.900898
2.902991
2.905084
2.907177
2.909270
2.911363
2.913456
2.915549
2.917642
2.919735
2.921828
2.923921
2.926014
2.928107
2.930200
2.932293
2.934386
2.936479
2.938572
2.940665
2.942758
2.944851
2.946944
2.949037
2.951130
2.953223
2.955316
2.957409
2.959502
2.961595
2.963688
2.965781
2.967874
2.969967
2.972060
2.974153
2.976246
2.978339
2.980432
2.982525
2.984618
2.986711
2.988804
2.990897
2.992990
2.995083
2.997176
2.999269
3.001362
3.003455
3.005548
3.007641
3.009734
3.011827
3.013920
3.016013
3.018106
3.020199
3.022292
3.024385
3.026478
3.028571
3.030664
3.032757
3.034850
3.036943
3.039036
3.041129
3.043222
3.045315
3.047408
3.049501
3.051594
3.053687
3.055780
3.057873
3.059966
3.062059
3.064152
3.066245
3.068338
3.070431
3.072524
3.074617
3.076710
3.078803
3.080896
3.082989
3.085082
3.087175
3.089268
3.091361
3.093454
3.095547
3.097640
3.099733
3.101826
3.103919
3.106012
3.108105
3.110198
3.112291
3.114384
3.116477
3.118570
3.120663
3.122756
3.124849
3.126942
3.129035
3.131128
3.133221
3.135314
3.137407
3.139500
