0.000000
0.000698
0.001396
0.002094
0.002792
0.003490
0.004188
0.004886
0.005584
0.006282
0.006980
0.007678
0.008376
0.009074
0.009772
0.010470
0.011168
0.011866
0.012564
0.013262
0.013960
0.014658
0.015355
0.016053
0.016751
0.017449
0.018147
0.018845
0.019543
0.020241
0.020939
0.021637
0.022335
0.023033
0.023731
0.024429
0.025127
0.025825
0.026523
0.027221
0.027919
0.028617
0.029315
0.030013
0.030711
0.031409
0.032107
0.032805
0.033503
0.034201
0.034899
0.035597
0.036295
0.036993
0.037691
0.038389
0.039087
0.039785
0.040483
0.041181
0.041879
0.042577
0.043275
0.043973
0.044671
0.045368
0.046066
0.046764
0.047462
0.048160
0.048858
0.049556
0.050254
0.050952
0.051650
0.052348
0.053046
0.053744
0.054442
0.055140
0.055838
0.056536
0.057234
0.057932
0.058630
0.059328
0.060026
0.060724
0.061422
0.062120
0.062818
0.063516
0.064214
0.064912
0.065610
0.066308
0.067006
0.067704
0.068402
0.069100
0.069798
0.070496
0.071194
0.071892
0.072590
0.073288
0.073986
0.074683
0.075381
0.076079
0.076777
0.077475
0.078173
0.078871
0.079569
0.080267
0.080965
0.081663
0.082361
0.083059
0.083757
0.084455
0.085153
0.085851
0.086549
0.087247
0.087945
0.088643
0.089341
0.090039
0.090737
0.091435
0.092133
0.092831
0.093529
0.094227
0.094925
0.095623
0.096321
0.097019
0.097717
0.098415
0.099113
0.099811
0.100509
0.101207
0.101905
0.102603
0.103301
0.103999
0.104696
0.105394
0.106092
0.106790
0.107488
0.108186
0.108884
0.109582
0.110280
0.110978
0.111676
0.112374
0.113072
0.113770
0.114468
0.115166
0.115864
0.116562
0.117260
0.117958
0.118656
0.119354
0.120052
0.120750
0.121448
0.122146
0.122844
0.123542
0.124240
0.124938
0.125636
0.126334
0.127032
0.127730
0.128428
0.129126
0.129824
0.130522
0.131220
0.131918
0.132616
0.133314
0.134012
0.134709
0.135407
0.136105
0.136803
0.137501
0.138199
0.138897
0.139595
0.140293
0.140991
0.141689
0.142387
0.143085
0.143783
0.144481
0.145179
0.145877
0.146575
0.147273
0.147971
0.148669
0.149367
0.150065
0.150763
0.151461
0.152159
0.152857
0.153555
0.154253
0.154951
0.155649
0.156347
0.157045
0.157743
0.158441
0.159139
0.159837
0.160535
0.161233
0.161931
0.162629
0.163327
0.164024
0.164722
0.165420
0.166118
0.166816
0.167514
0.168212
0.168910
0.169608
0.170306
0.171004
0.171702
0.172400
0.173098
0.173796
0.174494
0.175192
0.175890
0.176588
0.177286
0.177984
0.178682
0.179380
0.180078
0.180776
0.181474
0.182172
0.182870
0.183568
0.184266
0.184964
0.185662
0.186360
0.187058
0.187756
0.188454
0.189152
0.189850
0.190548
0.191246
0.191944
0.192642
0.193340
0.194037
0.194735
0.195433
0.196131
0.196829
0.197527
0.198225
0.198923
0.199621
0.200319
0.201017
0.201715
0.202413
0.203111
0.203809
0.204507
0.205205
0.205903
0.206601
0.207299
0.207997
0.208695
0.209393
0.210091
0.210789
0.211487
0.212185
0.212883
0.213581
0.214279
0.214977
0.215675
0.216373
0.217071
0.217769
0.218467
0.219165
0.219863
0.220561
0.221259
0.221957
0.222655
0.223353
0.224050
0.224748
0.225446
0.226144
0.226842
0.227540
0.228238
0.228936
0.229634
0.230332
0.231030
0.231728
0.232426
0.233124
0.233822
0.234520
0.235218
0.235916
0.236614
0.237312
0.238010
0.238708
0.239406
0.240104
0.240802
0.241500
0.242198
0.242896
0.243594
0.244292
0.244990
0.245688
0.246386
0.247084
0.247782
0.248480
0.249178
0.249876
0.250574
0.251272
0.251970
0.252668
0.253366
0.254063
0.254761
0.255459
0.256157
0.256855
0.257553
0.258251
0.258949
0.259647
0.260345
0.261043
0.261741
0.262439
0.263137
0.263835
0.264533
0.265231
0.265929
0.266627
0.267325
0.268023
0.268721
0.269419
0.270117
0.270815
0.271513
0.272211
0.272909
0.273607
0.274305
0.275003
0.275701
0.276399
0.277097
0.277795
0.278493
0.279191
0.279889
0.280587
0.281285
0.281983
0.282681
0.283378
0.284076
0.284774
0.285472
0.286170
0.286868
0.287566
0.288264
0.288962
0.289660
0.290358
0.291056
0.291754
0.292452
0.293150
0.293848
0.294546
0.295244
0.295942
0.296640
0.297338
0.298036
0.298734
0.299432
0.300130
0.300828
0.301526
0.302224
0.302922
0.303620
0.304318
0.305016
0.305714
0.306412
0.307110
0.307808
0.308506
0.309204
0.309902
0.310600
0.311298
0.311996
0.312694
0.313391
0.314089
0.314787
0.315485
0.316183
0.316881
0.317579
0.318277
0.318975
0.319673
0.320371
0.321069
0.321767
0.322465
0.323163
0.323861
0.324559
0.325257
0.325955
0.326653
0.327351
0.328049
0.328747
0.329445
0.330143
0.330841
0.331539
0.332237
0.332935
0.333633
0.334331
0.335029
0.335727
0.336425
0.337123
0.337821
0.338519
0.339217
0.339915
0.340613
0.341311
0.342009
0.342707
0.343404
0.344102
0.344800
0.345498
0.346196
0.346894
0.347592
0.348290
0.348988
0.349686
0.350384
0.351082
0.351780
0.352478
0.353176
0.353874
0.354572
0.355270
0.355968
0.356666
0.357364
0.358062
0.358760
0.359458
0.360156
0.360854
0.361552
0.362250
0.362948
0.363646
0.364344
0.365042
0.365740
0.366438
0.367136
0.367834
0.368532
0.369230
0.369928
0.370626
0.371324
0.372022
0.372720
0.373417
0.374115
0.374813
0.375511
0.376209
0.376907
0.377605
0.378303
0.379001
0.379699
0.380397
0.381095
0.381793
0.382491
0.383189
0.383887
0.384585
0.385283
0.385981
0.386679
0.387377
0.388075
0.388773
0.389471
0.390169
0.390867
0.391565
0.392263
0.392961
0.393659
0.394357
0.395055
0.395753
0.396451
0.397149
0.397847
0.398545
0.399243
0.399941
0.400639
0.401337
0.402035
0.402732
0.403430
0.404128
0.404826
0.405524
0.406222
0.406920
0.407618
0.408316
0.409014
0.409712
0.410410
0.411108
0.411806
0.412504
0.413202
0.413900
0.414598
0.415296
0.415994
0.416692
0.417390
0.418088
0.418786
0.419484
0.420182
0.420880
0.421578
0.422276
0.422974
0.423672
0.424370
0.425068
0.425766
0.426464
0.427162
0.427860
0.428558
0.429256
0.429954
0.430652
0.431350
0.432048
0.432745
0.433443
0.434141
0.434839
0.435537
0.436235
0.436933
0.437631
0.438329
0.439027
0.439725
0.440423
0.441121
0.441819
0.442517
0.443215
0.443913
0.444611
0.445309
0.446007
0.446705
0.447403
0.448101
0.448799
0.449497
0.450195
0.450893
0.451591
0.452289
0.452987
0.453685
0.454383
0.455081
0.455779
0.456477
0.457175
0.457873
0.458571
0.459269
0.459967
0.460665
0.461363
0.462061
0.462758
0.463456
0.464154
0.464852
0.465550
0.466248
0.466946
0.467644
0.468342
0.469040
0.469738
0.470436
0.471134
0.471832
0.472530
0.473228
0.473926
0.474624
0.475322
0.476020
0.476718
0.477416
0.478114
0.478812
0.479510
0.480208
0.480906
0.481604
0.482302
0.483000
0.483698
0.484396
0.485094
0.485792
0.486490
0.487188
0.487886
0.488584
0.489282
0.489980
0.490678
0.491376
0.492073
0.492771
0.493469
0.494167
0.494865
0.495563
0.496261
0.496959
0.497657
0.498355
0.499053
0.499751
0.500449
0.501147
0.501845
0.502543
0.503241
0.503939
0.504637
0.505335
0.506033
0.506731
0.507429
0.508127
0.508825
0.509523
0.510221
0.510919
0.511617
0.512315
0.513013
0.513711
0.514409
0.515107
0.515805
0.516503
0.517201
0.517899
0.518597
0.519295
0.519993
0.520691
0.521389
0.522086
0.522784
0.523482
0.524180
0.524878
0.525576
0.526274
0.526972
0.527670
0.528368
0.529066
0.529764
0.530462
0.531160
0.531858
0.532556
0.533254
0.533952
0.534650
0.535348
0.536046
0.536744
0.537442
0.538140
0.538838
0.539536
0.540234
0.540932
0.541630
0.542328
0.543026
0.543724
0.544422
0.545120
0.545818
0.546516
0.547214
0.547912
0.548610
0.549308
0.550006
0.550704
0.551402
0.552099
0.552797
0.553495
0.554193
0.554891
0.555589
0.556287
0.556985
0.557683
0.558381
0.559079
0.559777
0.560475
0.561173
0.561871
0.562569
0.563267
0.563965
0.564663
0.565361
0.566059
0.566757
0.567455
0.568153
0.568851
0.569549
0.570247
0.570945
0.571643
0.572341
0.573039
0.573737
0.574435
0.575133
0.575831
0.576529
0.577227
0.577925
0.578623
0.579321
0.580019
0.580717
0.581415
0.582112
0.582810
0.583508
0.584206
0.584904
0.585602
0.586300
0.586998
0.587696
0.588394
0.589092
0.589790
0.590488
0.591186
0.591884
0.592582
0.593280
0.593978
0.594676
0.595374
0.596072
0.596770
0.597468
0.598166
0.598864
0.599562
0.600260
0.600958
0.601656
0.602354
0.603052
0.603750
0.604448
0.605146
0.605844
0.606542
0.607240
0.607938
0.608636
0.609334
0.610032
0.610730
0.611427
0.612125
0.612823
0.613521
0.614219
0.614917
0.615615
0.616313
0.617011
0.617709
0.618407
0.619105
0.619803
0.620501
0.621199
0.621897
0.622595
0.623293
0.623991
0.624689
0.625387
0.626085
0.626783
0.627481
0.628179
0.628877
0.629575
0.630273
0.630971
0.631669
0.632367
0.633065
0.633763
0.634461
0.635159
0.635857
0.636555
0.637253
0.637951
0.638649
0.639347
0.640045
0.640743
0.641440
0.642138
0.642836
0.643534
0.644232
0.644930
0.645628
0.646326
0.647024
0.647722
0.648420
0.649118
0.649816
0.650514
0.651212
0.651910
0.652608
0.653306
0.654004
0.654702
0.655400
0.656098
0.656796
0.657494
0.658192
0.658890
0.659588
0.660286
0.660984
0.661682
0.662380
0.663078
0.663776
0.664474
0.665172
0.665870
0.666568
0.667266
0.667964
0.668662
0.669360
0.670058
0.670756
0.671453
0.672151
0.672849
0.673547
0.674245
0.674943
0.675641
0.676339
0.677037
0.677735
0.678433
0.679131
0.679829
0.680527
0.681225
0.681923
0.682621
0.683319
0.684017
0.684715
0.685413
0.686111
0.686809
0.687507
0.688205
0.688903
0.689601
0.690299
0.690997
0.691695
0.692393
0.693091
0.693789
0.694487
0.695185
0.695883
0.696581
0.697279
0.697977
0.698675
0.699373
0.700071
0.700769
0.701466
0.702164
0.702862
0.703560
0.704258
0.704956
0.705654
0.706352
0.707050
0.707748
0.708446
0.709144
0.709842
0.710540
0.711238
0.711936
0.712634
0.713332
0.714030
0.714728
0.715426
0.716124
0.716822
0.717520
0.718218
0.718916
0.719614
0.720312
0.721010
0.721708
0.722406
0.723104
0.723802
0.724500
0.725198
0.725896
0.726594
0.727292
0.727990
0.728688
0.729386
0.730084
0.730781
0.731479
0.732177
0.732875
0.733573
0.734271
0.734969
0.735667
0.736365
0.737063
0.737761
0.738459
0.739157
0.739855
0.740553
0.741251
0.741949
0.742647
0.743345
0.744043
0.744741
0.745439
0.746137
0.746835
0.747533
0.748231
0.748929
0.749627
0.750325
0.751023
0.751721
0.752419
0.753117
0.753815
0.754513
0.755211
0.755909
0.756607
0.757305
0.758003
0.758701
0.759399
0.760097
0.760794
0.761492
0.762190
0.762888
0.763586
0.764284
0.764982
0.765680
0.766378
0.767076
0.767774
0.768472
0.769170
0.769868
0.770566
0.771264
0.771962
0.772660
0.773358
0.774056
0.774754
0.775452
0.776150
0.776848
0.777546
0.778244
0.778942
0.779640
0.780338
0.781036
0.781734
0.782432
0.783130
0.783828
0.784526
0.785224
0.785922
0.786620
0.787318
0.788016
0.788714
0.789412
0.790110
0.790807
0.791505
0.792203
0.792901
0.793599
0.794297
0.794995
0.795693
0.796391
0.797089
0.797787
0.798485
0.799183
0.799881
0.800579
0.801277
0.801975
0.802673
0.803371
0.804069
0.804767
0.805465
0.806163
0.806861
0.807559
0.808257
0.808955
0.809653
0.810351
0.811049
0.811747
0.812445
0.813143
0.813841
0.814539
0.815237
0.815935
0.816633
0.817331
0.818029
0.818727
0.819425
0.820122
0.820820
0.821518
0.822216
0.822914
0.823612
0.824310
0.825008
0.825706
0.826404
0.827102
0.827800
0.828498
0.829196
0.829894
0.830592
0.831290
0.831988
0.832686
0.833384
0.834082
0.834780
0.835478
0.836176
0.836874
0.837572
0.838270
0.838968
0.839666
0.840364
0.841062
0.841760
0.842458
0.843156
0.843854
0.844552
0.845250
0.845948
0.846646
0.847344
0.848042
0.848740
0.849438
0.850135
0.850833
0.851531
0.852229
0.852927
0.853625
0.854323
0.855021
0.855719
0.856417
0.857115
0.857813
0.858511
0.859209
0.859907
0.860605
0.861303
0.862001
0.862699
0.863397
0.864095
0.864793
0.865491
0.866189
0.866887
0.867585
0.868283
0.868981
0.869679
0.870377
0.871075
0.871773
0.872471
0.873169
0.873867
0.874565
0.875263
0.875961
0.876659
0.877357
0.878055
0.878753
0.879451
0.880148
0.880846
0.881544
0.882242
0.882940
0.883638
0.884336
0.885034
0.885732
0.886430
0.887128
0.887826
0.888524
0.889222
0.889920
0.890618
0.891316
0.892014
0.892712
0.893410
0.894108
0.894806
0.895504
0.896202
0.896900
0.897598
0.898296
0.898994
0.899692
0.900390
0.901088
0.901786
0.902484
0.903182
0.903880
0.904578
0.905276
0.905974
0.906672
0.907370
0.908068
0.908766
0.909464
0.910161
0.910859
0.911557
0.912255
0.912953
0.913651
0.914349
0.915047
0.915745
0.916443
0.917141
0.917839
0.918537
0.919235
0.919933
0.920631
0.921329
0.922027
0.922725
0.923423
0.924121
0.924819
0.925517
0.926215
0.926913
0.927611
0.928309
0.929007
0.929705
0.930403
0.931101
0.931799
0.932497
0.933195
0.933893
0.934591
0.935289
0.935987
0.936685
0.937383
0.938081
0.938779
0.939476
0.940174
0.940872
0.941570
0.942268
0.942966
0.943664
0.944362
0.945060
0.945758
0.946456
0.947154
0.947852
0.948550
0.949248
0.949946
0.950644
0.951342
0.952040
0.952738
0.953436
0.954134
0.954832
0.955530
0.956228
0.956926
0.957624
0.958322
0.959020
0.959718
0.960416
0.961114
0.961812
0.962510
0.963208
0.963906
0.964604
0.965302
0.966000
0.966698
0.967396
0.968094
0.968792
0.969489
0.970187
0.970885
0.971583
0.972281
0.972979
0.973677
0.974375
0.975073
0.975771
0.976469
0.977167
0.977865
0.978563
0.979261
0.979959
0.980657
0.981355
0.982053
0.982751
0.983449
0.984147
0.984845
0.985543
0.986241
0.986939
0.987637
0.988335
0.989033
0.989731
0.990429
0.991127
0.991825
0.992523
0.993221
0.993919
0.994617
0.995315
0.996013
0.996711
0.997409
0.998107
0.998805
0.999502
1.000200
1.000898
1.001596
1.002294
1.002992
1.003690
1.004388
1.005086
1.005784
1.006482
1.007180
1.007878
1.008576
1.009274
1.009972
1.010670
1.011368
1.012066
1.012764
1.013462
1.014160
1.014858
1.015556
1.016254
1.016952
1.017650
1.018348
1.019046
1.019744
1.020442
1.021140
1.021838
1.022536
1.023234
1.023932
1.024630
1.025328
1.026026
1.026724
1.027422
1.028120
1.028818
1.029515
1.030213
1.030911
1.031609
1.032307
1.033005
1.033703
1.034401
1.035099
1.035797
1.036495
1.037193
1.037891
1.038589
1.039287
1.039985
1.040683
1.041381
1.042079
1.042777
1.043475
1.044173
1.044871
1.045569
1.046267
1.046965
1.047663
1.048361
1.049059
1.049757
1.050455
1.051153
1.051851
1.052549
1.053247
1.053945
1.054643
1.055341
1.056039
1.056737
1.057435
1.058133
1.058830
1.059528
1.060226
1.060924
1.061622
1.062320
1.063018
1.063716
1.064414
1.065112
1.065810
1.066508
1.067206
1.067904
1.068602
1.069300
1.069998
1.070696
1.071394
1.072092
1.072790
1.073488
1.074186
1.074884
1.075582
1.076280
1.076978
1.077676
1.078374
1.079072
1.079770
1.080468
1.081166
1.081864
1.082562
1.083260
1.083958
1.084656
1.085354
1.086052
1.086750
1.087448
1.088146
1.088843
1.089541
1.090239
1.090937
1.091635
1.092333
1.093031
1.093729
1.094427
1.095125
1.095823
1.096521
1.097219
1.097917
1.098615
1.099313
1.100011
1.100709
1.101407
1.102105
1.102803
1.103501
1.104199
1.104897
1.105595
1.106293
1.106991
1.107689
1.108387
1.109085
1.109783
1.110481
1.111179
1.111877
1.112575
1.113273
1.113971
1.114669
1.115367
1.116065
1.116763
1.117461
1.118159
1.118856
1.119554
1.120252
1.120950
1.121648
1.122346
1.123044
1.123742
1.124440
1.125138
1.125836
1.126534
1.127232
1.127930
1.128628
1.129326
1.130024
1.130722
1.131420
1.132118
1.132816
1.133514
1.134212
1.134910
1.135608
1.136306
1.137004
1.137702
1.138400
1.139098
1.139796
1.140494
1.141192
1.141890
1.142588
1.143286
1.143984
1.144682
1.145380
1.146078
1.146776
1.147474
1.148171
1.148869
1.149567
1.150265
1.150963
1.151661
1.152359
1.153057
1.153755
1.154453
1.155151
1.155849
1.156547
1.157245
1.157943
1.158641
1.159339
1.160037
1.160735
1.161433
1.162131
1.162829
1.163527
1.164225
1.164923
1.165621
1.166319
1.167017
1.167715
1.168413
1.169111
1.169809
1.170507
1.171205
1.171903
1.172601
1.173299
1.173997
1.174695
1.175393
1.176091
1.176789
1.177487
1.178184
1.178882
1.179580
1.180278
1.180976
1.181674
1.182372
1.183070
1.183768
1.184466
1.185164
1.185862
1.186560
1.187258
1.187956
1.188654
1.189352
1.190050
1.190748
1.191446
1.192144
1.192842
1.193540
1.194238
1.194936
1.195634
1.196332
1.197030
1.197728
1.198426
1.199124
1.199822
1.200520
1.201218
1.201916
1.202614
1.203312
1.204010
1.204708
1.205406
1.206104
1.206802
1.207500
1.208197
1.208895
1.209593
1.210291
1.210989
1.211687
1.212385
1.213083
1.213781
1.214479
1.215177
1.215875
1.216573
1.217271
1.217969
1.218667
1.219365
1.220063
1.220761
1.221459
1.222157
1.222855
1.223553
1.224251
1.224949
1.225647
1.226345
1.227043
1.227741
1.228439
1.229137
1.229835
1.230533
1.231231
1.231929
1.232627
1.233325
1.234023
1.234721
1.235419
1.236117
1.236815
1.237513
1.238210
1.238908
1.239606
1.240304
1.241002
1.241700
1.242398
1.243096
1.243794
1.244492
1.245190
1.245888
1.246586
1.247284
1.247982
1.248680
1.249378
1.250076
1.250774
1.251472
1.252170
1.252868
1.253566
1.254264
1.254962
1.255660
1.256358
1.257056
1.257754
1.258452
1.259150
1.259848
1.260546
1.261244
1.261942
1.262640
1.263338
1.264036
1.264734
1.265432
1.266130
1.266828
1.267525
1.268223
1.268921
1.269619
1.270317
1.271015
1.271713
1.272411
1.273109
1.273807
1.274505
1.275203
1.275901
1.276599
1.277297
1.277995
1.278693
1.279391
1.280089
1.280787
1.281485
1.282183
1.282881
1.283579
1.284277
1.284975
1.285673
1.286371
1.287069
1.287767
1.288465
1.289163
1.289861
1.290559
1.291257
1.291955
1.292653
1.293351
1.294049
1.294747
1.295445
1.296143
1.296841
1.297538
1.298236
1.298934
1.299632
1.300330
1.301028
1.301726
1.302424
1.303122
1.303820
1.304518
1.305216
1.305914
1.306612
1.307310
1.308008
1.308706
1.309404
1.310102
1.310800
1.311498
1.312196
1.312894
1.313592
1.314290
1.314988
1.315686
1.316384
1.317082
1.317780
1.318478
1.319176
1.319874
1.320572
1.321270
1.321968
1.322666
1.323364
1.324062
1.324760
1.325458
1.326156
1.326854
1.327551
1.328249
1.328947
1.329645
1.330343
1.331041
1.331739
1.332437
1.333135
1.333833
1.334531
1.335229
1.335927
1.336625
1.337323
1.338021
1.338719
1.339417
1.340115
1.340813
1.341511
1.342209
1.342907
1.343605
1.344303
1.345001
1.345699
1.346397
1.347095
1.347793
1.348491
1.349189
1.349887
1.350585
1.351283
1.351981
1.352679
1.353377
1.354075
1.354773
1.355471
1.356169
1.356867
1.357564
1.358262
1.358960
1.359658
1.360356
1.361054
1.361752
1.362450
1.363148
1.363846
1.364544
1.365242
1.365940
1.366638
1.367336
1.368034
1.368732
1.369430
1.370128
1.370826
1.371524
1.372222
1.372920
1.373618
1.374316
1.375014
1.375712
1.376410
1.377108
1.377806
1.378504
1.379202
1.379900
1.380598
1.381296
1.381994
1.382692
1.383390
1.384088
1.384786
1.385484
1.386182
1.386879
1.387577
1.388275
1.388973
1.389671
1.390369
1.391067
1.391765
1.392463
1.393161
1.393859
1.394557
1.395255
1.395953
1.396651
1.397349
1.398047
1.398745
1.399443
1.400141
1.400839
1.401537
1.402235
1.402933
1.403631
1.404329
1.405027
1.405725
1.406423
1.407121
1.407819
1.408517
1.409215
1.409913
1.410611
1.411309
1.412007
1.412705
1.413403
1.414101
1.414799
1.415497
1.416195
1.416892
1.417590
1.418288
1.418986
1.419684
1.420382
1.421080
1.421778
1.422476
1.423174
1.423872
1.424570
1.425268
1.425966
1.426664
1.427362
1.428060
1.428758
1.429456
1.430154
1.430852
1.431550
1.432248
1.432946
1.433644
1.434342
1.435040
1.435738
1.436436
1.437134
1.437832
1.438530
1.439228
1.439926
1.440624
1.441322
1.442020
1.442718
1.443416
1.444114
1.444812
1.445510
1.446208
1.446905
1.447603
1.448301
1.448999
1.449697
1.450395
1.451093
1.451791
1.452489
1.453187
1.453885
1.454583
1.455281
1.455979
1.456677
1.457375
1.458073
1.458771
1.459469
1.460167
1.460865
1.461563
1.462261
1.462959
1.463657
1.464355
1.465053
1.465751
1.466449
1.467147
1.467845
1.468543
1.469241
1.469939
1.470637
1.471335
1.472033
1.472731
1.473429
1.474127
1.474825
1.475523
1.476220
1.476918
1.477616
1.478314
1.479012
1.479710
1.480408
1.481106
1.481804
1.482502
1.483200
1.483898
1.484596
1.485294
1.485992
1.486690
1.487388
1.488086
1.488784
1.489482
1.490180
1.490878
1.491576
1.492274
1.492972
1.493670
1.494368
1.495066
1.495764
1.496462
1.497160
1.497858
1.498556
1.499254
1.499952
1.500650
1.501348
1.502046
1.502744
1.503442
1.504140
1.504838
1.505536
1.506233
1.506931
1.507629
1.508327
1.509025
1.509723
1.510421
1.511119
1.511817
1.512515
1.513213
1.513911
1.514609
1.515307
1.516005
1.516703
1.517401
1.518099
1.518797
1.519495
1.520193
1.520891
1.521589
1.522287
1.522985
1.523683
1.524381
1.525079
1.525777
1.526475
1.527173
1.527871
1.528569
1.529267
1.529965
1.530663
1.531361
1.532059
1.532757
1.533455
1.534153
1.534851
1.535549
1.536246
1.536944
1.537642
1.538340
1.539038
1.539736
1.540434
1.541132
1.541830
1.542528
1.543226
1.543924
1.544622
1.545320
1.546018
1.546716
1.547414
1.548112
1.548810
1.549508
1.550206
1.550904
1.551602
1.552300
1.552998
1.553696
1.554394
1.555092
1.555790
1.556488
1.557186
1.557884
1.558582
1.559280
1.559978
1.560676
1.561374
1.562072
1.562770
1.563468
1.564166
1.564864
1.565562
1.566259
1.566957
1.567655
1.568353
1.569051
1.569749
1.570447
1.571145
1.571843
1.572541
1.573239
1.573937
1.574635
1.575333
1.576031
1.576729
1.577427
1.578125
1.578823
1.579521
1.580219
1.580917
1.581615
1.582313
1.583011
1.583709
1.584407
1.585105
1.585803
1.586501
1.587199
1.587897
1.588595
1.589293
1.589991
1.590689
1.591387
1.592085
1.592783
1.593481
1.594179
1.594877
1.595574
1.596272
1.596970
1.597668
1.598366
1.599064
1.599762
1.600460
1.601158
1.601856
1.602554
1.603252
1.603950
1.604648
1.605346
1.606044
1.606742
1.607440
1.608138
1.608836
1.609534
1.610232
1.610930
1.611628
1.612326
1.613024
1.613722
1.614420
1.615118
1.615816
1.616514
1.617212
1.617910
1.618608
1.619306
1.620004
1.620702
1.621400
1.622098
1.622796
1.623494
1.624192
1.624890
1.625587
1.626285
1.626983
1.627681
1.628379
1.629077
1.629775
1.630473
1.631171
1.631869
1.632567
1.633265
1.633963
1.634661
1.635359
1.636057
1.636755
1.637453
1.638151
1.638849
1.639547
1.640245
1.640943
1.641641
1.642339
1.643037
1.643735
1.644433
1.645131
1.645829
1.646527
1.647225
1.647923
1.648621
1.649319
1.650017
1.650715
1.651413
1.652111
1.652809
1.653507
1.654205
1.654903
1.655600
1.656298
1.656996
1.657694
1.658392
1.659090
1.659788
1.660486
1.661184
1.661882
1.662580
1.663278
1.663976
1.664674
1.665372
1.666070
1.666768
1.667466
1.668164
1.668862
1.669560
1.670258
1.670956
1.671654
1.672352
1.673050
1.673748
1.674446
1.675144
1.675842
1.676540
1.677238
1.677936
1.678634
1.679332
1.680030
1.680728
1.681426
1.682124
1.682822
1.683520
1.684218
1.684916
1.685613
1.686311
1.687009
1.687707
1.688405
1.689103
1.689801
1.690499
1.691197
1.691895
1.692593
1.693291
1.693989
1.694687
1.695385
1.696083
1.696781
1.697479
1.698177
1.698875
1.699573
1.700271
1.700969
1.701667
1.702365
1.703063
1.703761
1.704459
1.705157
1.705855
1.706553
1.707251
1.707949
1.708647
1.709345
1.710043
1.710741
1.711439
1.712137
1.712835
1.713533
1.714231
1.714928
1.715626
1.716324
1.717022
1.717720
1.718418
1.719116
1.719814
1.720512
1.721210
1.721908
1.722606
1.723304
1.724002
1.724700
1.725398
1.726096
1.726794
1.727492
1.728190
1.728888
1.729586
1.730284
1.730982
1.731680
1.732378
1.733076
1.733774
1.734472
1.735170
1.735868
1.736566
1.737264
1.737962
1.738660
1.739358
1.740056
1.740754
1.741452
1.742150
1.742848
1.743546
1.744244
1.744941
1.745639
1.746337
1.747035
1.747733
1.748431
1.749129
1.749827
1.750525
1.751223
1.751921
1.752619
1.753317
1.754015
1.754713
1.755411
1.756109
1.756807
1.757505
1.758203
1.758901
1.759599
1.760297
1.760995
1.761693
1.762391
1.763089
1.763787
1.764485
1.765183
1.765881
1.766579
1.767277
1.767975
1.768673
1.769371
1.770069
1.770767
1.771465
1.772163
1.772861
1.773559
1.774257
1.774954
1.775652
1.776350
1.777048
1.777746
1.778444
1.779142
1.779840
1.780538
1.781236
1.781934
1.782632
1.783330
1.784028
1.784726
1.785424
1.786122
1.786820
1.787518
1.788216
1.788914
1.789612
1.790310
1.791008
1.791706
1.792404
1.793102
1.793800
1.794498
1.795196
1.795894
1.796592
1.797290
1.797988
1.798686
1.799384
1.800082
1.800780
1.801478
1.802176
1.802874
1.803572
1.804269
1.804967
1.805665
1.806363
1.807061
1.807759
1.808457
1.809155
1.809853
1.810551
1.811249
1.811947
1.812645
1.813343
1.814041
1.814739
1.815437
1.816135
1.816833
1.817531
1.818229
1.818927
1.819625
1.820323
1.821021
1.821719
1.822417
1.823115
1.823813
1.824511
1.825209
1.825907
1.826605
1.827303
1.828001
1.828699
1.829397
1.830095
1.830793
1.831491
1.832189
1.832887
1.833585
1.834282
1.834980
1.835678
1.836376
1.837074
1.837772
1.838470
1.839168
1.839866
1.840564
1.841262
1.841960
1.842658
1.843356
1.844054
1.844752
1.845450
1.846148
1.846846
1.847544
1.848242
1.848940
1.849638
1.850336
1.851034
1.851732
1.852430
1.853128
1.853826
1.854524
1.855222
1.855920
1.856618
1.857316
1.858014
1.858712
1.859410
1.860108
1.860806
1.861504
1.862202
1.862900
1.863598
1.864295
1.864993
1.865691
1.866389
1.867087
1.867785
1.868483
1.869181
1.869879
1.870577
1.871275
1.871973
1.872671
1.873369
1.874067
1.874765
1.875463
1.876161
1.876859
1.877557
1.878255
1.878953
1.879651
1.880349
1.881047
1.881745
1.882443
1.883141
1.883839
1.884537
1.885235
1.885933
1.886631
1.887329
1.888027
1.888725
1.889423
1.890121
1.890819
1.891517
1.892215
1.892913
1.893611
1.894308
1.895006
1.895704
1.896402
1.897100
1.897798
1.898496
1.899194
1.899892
1.900590
1.901288
1.901986
1.902684
1.903382
1.904080
1.904778
1.905476
1.906174
1.906872
1.907570
1.908268
1.908966
1.909664
1.910362
1.911060
1.911758
1.912456
1.913154
1.913852
1.914550
1.915248
1.915946
1.916644
1.917342
1.918040
1.918738
1.919436
1.920134
1.920832
1.921530
1.922228
1.922926
1.923623
1.924321
1.925019
1.925717
1.926415
1.927113
1.927811
1.928509
1.929207
1.929905
1.930603
1.931301
1.931999
1.932697
1.933395
1.934093
1.934791
1.935489
1.936187
1.936885
1.937583
1.938281
1.938979
1.939677
1.940375
1.941073
1.941771
1.942469
1.943167
1.943865
1.944563
1.945261
1.945959
1.946657
1.947355
1.948053
1.948751
1.949449
1.950147
1.950845
1.951543
1.952241
1.952939
1.953636
1.954334
1.955032
1.955730
1.956428
1.957126
1.957824
1.958522
1.959220
1.959918
1.960616
1.961314
1.962012
1.962710
1.963408
1.964106
1.964804
1.965502
1.966200
1.966898
1.967596
1.968294
1.968992
1.969690
1.970388
1.971086
1.971784
1.972482
1.973180
1.973878
1.974576
1.975274
1.975972
1.976670
1.977368
1.978066
1.978764
1.979462
1.980160
1.980858
1.981556
1.982254
1.982952
1.983649
1.984347
1.985045
1.985743
1.986441
1.987139
1.987837
1.988535
1.989233
1.989931
1.990629
1.991327
1.992025
1.992723
1.993421
1.994119
1.994817
1.995515
1.996213
1.996911
1.997609
1.998307
1.999005
1.999703
2.000401
2.001099
2.001797
2.002495
2.003193
2.003891
2.004589
2.005287
2.005985
2.006683
2.007381
2.008079
2.008777
2.009475
2.010173
2.010871
2.011569
2.012267
2.012964
2.013662
2.014360
2.015058
2.015756
2.016454
2.017152
2.017850
2.018548
2.019246
2.019944
2.020642
2.021340
2.022038
2.022736
2.023434
2.024132
2.024830
2.025528
2.026226
2.026924
2.027622
2.028320
2.029018
2.029716
2.030414
2.031112
2.031810
2.032508
2.033206
2.033904
2.034602
2.035300
2.035998
2.036696
2.037394
2.038092
2.038790
2.039488
2.040186
2.040884
2.041582
2.042280
2.042977
2.043675
2.044373
2.045071
2.045769
2.046467
2.047165
2.047863
2.048561
2.049259
2.049957
2.050655
2.051353
2.052051
2.052749
2.053447
2.054145
2.054843
2.055541
2.056239
2.056937
2.057635
2.058333
2.059031
2.059729
2.060427
2.061125
2.061823
2.062521
2.063219
2.063917
2.064615
2.065313
2.066011
2.066709
2.067407
2.068105
2.068803
2.069501
2.070199
2.070897
2.071595
2.072293
2.072990
2.073688
2.074386
2.075084
2.075782
2.076480
2.077178
2.077876
2.078574
2.079272
2.079970
2.080668
2.081366
2.082064
2.082762
2.083460
2.084158
2.084856
2.085554
2.086252
2.086950
2.087648
2.088346
2.089044
2.089742
2.090440
2.091138
2.091836
2.092534
2.093232
2.093930
2.094628
2.095326
2.096024
2.096722
2.097420
2.098118
2.098816
2.099514
2.100212
2.100910
2.101608
2.102306
2.103003
2.103701
2.104399
2.105097
2.105795
2.106493
2.107191
2.107889
2.108587
2.109285
2.109983
2.110681
2.111379
2.112077
2.112775
2.113473
2.114171
2.114869
2.115567
2.116265
2.116963
2.117661
2.118359
2.119057
2.119755
2.120453
2.121151
2.121849
2.122547
2.123245
2.123943
2.124641
2.125339
2.126037
2.126735
2.127433
2.128131
2.128829
2.129527
2.130225
2.130923
2.131621
2.132318
2.133016
2.133714
2.134412
2.135110
2.135808
2.136506
2.137204
2.137902
2.138600
2.139298
2.139996
2.140694
2.141392
2.142090
2.142788
2.143486
2.144184
2.144882
2.145580
2.146278
2.146976
2.147674
2.148372
2.149070
2.149768
2.150466
2.151164
2.151862
2.152560
2.153258
2.153956
2.154654
2.155352
2.156050
2.156748
2.157446
2.158144
2.158842
2.159540
2.160238
2.160936
2.161634
2.162331
2.163029
2.163727
2.164425
2.165123
2.165821
2.166519
2.167217
2.167915
2.168613
2.169311
2.170009
2.170707
2.171405
2.172103
2.172801
2.173499
2.174197
2.174895
2.175593
2.176291
2.176989
2.177687
2.178385
2.179083
2.179781
2.180479
2.181177
2.181875
2.182573
2.183271
2.183969
2.184667
2.185365
2.186063
2.186761
2.187459
2.188157
2.188855
2.189553
2.190251
2.190949
2.191647
2.192344
2.193042
2.193740
2.194438
2.195136
2.195834
2.196532
2.197230
2.197928
2.198626
2.199324
2.200022
2.200720
2.201418
2.202116
2.202814
2.203512
2.204210
2.204908
2.205606
2.206304
2.207002
2.207700
2.208398
2.209096
2.209794
2.210492
2.211190
2.211888
2.212586
2.213284
2.213982
2.214680
2.215378
2.216076
2.216774
2.217472
2.218170
2.218868
2.219566
2.220264
2.220962
2.221660
2.222357
2.223055
2.223753
2.224451
2.225149
2.225847
2.226545
2.227243
2.227941
2.228639
2.229337
2.230035
2.230733
2.231431
2.232129
2.232827
2.233525
2.234223
2.234921
2.235619
2.236317
2.237015
2.237713
2.238411
2.239109
2.239807
2.240505
2.241203
2.241901
2.242599
2.243297
2.243995
2.244693
2.245391
2.246089
2.246787
2.247485
2.248183
2.248881
2.249579
2.250277
2.250975
2.251672
2.252370
2.253068
2.253766
2.254464
2.255162
2.255860
2.256558
2.257256
2.257954
2.258652
2.259350
2.260048
2.260746
2.261444
2.262142
2.262840
2.263538
2.264236
2.264934
2.265632
2.266330
2.267028
2.267726
2.268424
2.269122
2.269820
2.270518
2.271216
2.271914
2.272612
2.273310
2.274008
2.274706
2.275404
2.276102
2.276800
2.277498
2.278196
2.278894
2.279592
2.280290
2.280988
2.281685
2.282383
2.283081
2.283779
2.284477
2.285175
2.285873
2.286571
2.287269
2.287967
2.288665
2.289363
2.290061
2.290759
2.291457
2.292155
2.292853
2.293551
2.294249
2.294947
2.295645
2.296343
2.297041
2.297739
2.298437
2.299135
2.299833
2.300531
2.301229
2.301927
2.302625
2.303323
2.304021
2.304719
2.305417
2.306115
2.306813
2.307511
2.308209
2.308907
2.309605
2.310303
2.311001
2.311698
2.312396
2.313094
2.313792
2.314490
2.315188
2.315886
2.316584
2.317282
2.317980
2.318678
2.319376
2.320074
2.320772
2.321470
2.322168
2.322866
2.323564
2.324262
2.324960
2.325658
2.326356
2.327054
2.327752
2.328450
2.329148
2.329846
2.330544
2.331242
2.331940
2.332638
2.333336
2.334034
2.334732
2.335430
2.336128
2.336826
2.337524
2.338222
2.338920
2.339618
2.340316
2.341013
2.341711
2.342409
2.343107
2.343805
2.344503
2.345201
2.345899
2.346597
2.347295
2.347993
2.348691
2.349389
2.350087
2.350785
2.351483
2.352181
2.352879
2.353577
2.354275
2.354973
2.355671
2.356369
2.357067
2.357765
2.358463
2.359161
2.359859
2.360557
2.361255
2.361953
2.362651
2.363349
2.364047
2.364745
2.365443
2.366141
2.366839
2.367537
2.368235
2.368933
2.369631
2.370329
2.371026
2.371724
2.372422
2.373120
2.373818
2.374516
2.375214
2.375912
2.376610
2.377308
2.378006
2.378704
2.379402
2.380100
2.380798
2.381496
2.382194
2.382892
2.383590
2.384288
2.384986
2.385684
2.386382
2.387080
2.387778
2.388476
2.389174
2.389872
2.390570
2.391268
2.391966
2.392664
2.393362
2.394060
2.394758
2.395456
2.396154
2.396852
2.397550
2.398248
2.398946
2.399644
2.400342
2.401039
2.401737
2.402435
2.403133
2.403831
2.404529
2.405227
2.405925
2.406623
2.407321
2.408019
2.408717
2.409415
2.410113
2.410811
2.411509
2.412207
2.412905
2.413603
2.414301
2.414999
2.415697
2.416395
2.417093
2.417791
2.418489
2.419187
2.419885
2.420583
2.421281
2.421979
2.422677
2.423375
2.424073
2.424771
2.425469
2.426167
2.426865
2.427563
2.428261
2.428959
2.429657
2.430355
2.431052
2.431750
2.432448
2.433146
2.433844
2.434542
2.435240
2.435938
2.436636
2.437334
2.438032
2.438730
2.439428
2.440126
2.440824
2.441522
2.442220
2.442918
2.443616
2.444314
2.445012
2.445710
2.446408
2.447106
2.447804
2.448502
2.449200
2.449898
2.450596
2.451294
2.451992
2.452690
2.453388
2.454086
2.454784
2.455482
2.456180
2.456878
2.457576
2.458274
2.458972
2.459670
2.460367
2.461065
2.461763
2.462461
2.463159
2.463857
2.464555
2.465253
2.465951
2.466649
2.467347
2.468045
2.468743
2.469441
2.470139
2.470837
2.471535
2.472233
2.472931
2.473629
2.474327
2.475025
2.475723
2.476421
2.477119
2.477817
2.478515
2.479213
2.479911
2.480609
2.481307
2.482005
2.482703
2.483401
2.484099
2.484797
2.485495
2.486193
2.486891
2.487589
2.488287
2.488985
2.489683
2.490380
2.491078
2.491776
2.492474
2.493172
2.493870
2.494568
2.495266
2.495964
2.496662
2.497360
2.498058
2.498756
2.499454
2.500152
2.500850
2.501548
2.502246
2.502944
2.503642
2.504340
2.505038
2.505736
2.506434
2.507132
2.507830
2.508528
2.509226
2.509924
2.510622
2.511320
2.512018
2.512716
2.513414
2.514112
2.514810
2.515508
2.516206
2.516904
2.517602
2.518300
2.518998
2.519696
2.520393
2.521091
2.521789
2.522487
2.523185
2.523883
2.524581
2.525279
2.525977
2.526675
2.527373
2.528071
2.528769
2.529467
2.530165
2.530863
2.531561
2.532259
2.532957
2.533655
2.534353
2.535051
2.535749
2.536447
2.537145
2.537843
2.538541
2.539239
2.539937
2.540635
2.541333
2.542031
2.542729
2.543427
2.544125
2.544823
2.545521
2.546219
2.546917
2.547615
2.548313
2.549011
2.549709
2.550406
2.551104
2.551802
2.552500
2.553198
2.553896
2.554594
2.555292
2.555990
2.556688
2.557386
2.558084
2.558782
2.559480
2.560178
2.560876
2.561574
2.562272
2.562970
2.563668
2.564366
2.565064
2.565762
2.566460
2.567158
2.567856
2.568554
2.569252
2.569950
2.570648
2.571346
2.572044
2.572742
2.573440
2.574138
2.574836
2.575534
2.576232
2.576930
2.577628
2.578326
2.579024
2.579721
2.580419
2.581117
2.581815
2.582513
2.583211
2.583909
2.584607
2.585305
2.586003
2.586701
2.587399
2.588097
2.588795
2.589493
2.590191
2.590889
2.591587
2.592285
2.592983
2.593681
2.594379
2.595077
2.595775
2.596473
2.597171
2.597869
2.598567
2.599265
2.599963
2.600661
2.601359
2.602057
2.602755
2.603453
2.604151
2.604849
2.605547
2.606245
2.606943
2.607641
2.608339
2.609037
2.609734
2.610432
2.611130
2.611828
2.612526
2.613224
2.613922
2.614620
2.615318
2.616016
2.616714
2.617412
2.618110
2.618808
2.619506
2.620204
2.620902
2.621600
2.622298
2.622996
2.623694
2.624392
2.625090
2.625788
2.626486
2.627184
2.627882
2.628580
2.629278
2.629976
2.630674
2.631372
2.632070
2.632768
2.633466
2.634164
2.634862
2.635560
2.636258
2.636956
2.637654
2.638352
2.639050
2.639747
2.640445
2.641143
2.641841
2.642539
2.643237
2.643935
2.644633
2.645331
2.646029
2.646727
2.647425
2.648123
2.648821
2.649519
2.650217
2.650915
2.651613
2.652311
2.653009
2.653707
2.654405
2.655103
2.655801
2.656499
2.657197
2.657895
2.658593
2.659291
2.659989
2.660687
2.661385
2.662083
2.662781
2.663479
2.664177
2.664875
2.665573
2.666271
2.666969
2.667667
2.668365
2.669062
2.669760
2.670458
2.671156
2.671854
2.672552
2.673250
2.673948
2.674646
2.675344
2.676042
2.676740
2.677438
2.678136
2.678834
2.679532
2.680230
2.680928
2.681626
2.682324
2.683022
2.683720
2.684418
2.685116
2.685814
2.686512
2.687210
2.687908
2.688606
2.689304
2.690002
2.690700
2.691398
2.692096
2.692794
2.693492
2.694190
2.694888
2.695586
2.696284
2.696982
2.697680
2.698378
2.699075
2.699773
2.700471
2.701169
2.701867
2.702565
2.703263
2.703961
2.704659
2.705357
2.706055
2.706753
2.707451
2.708149
2.708847
2.709545
2.710243
2.710941
2.711639
2.712337
2.713035
2.713733
2.714431
2.715129
2.715827
2.716525
2.717223
2.717921
2.718619
2.719317
2.720015
2.720713
2.721411
2.722109
2.722807
2.723505
2.724203
2.724901
2.725599
2.726297
2.726995
2.727693
2.728391
2.729088
2.729786
2.730484
2.731182
2.731880
2.732578
2.733276
2.733974
2.734672
2.735370
2.736068
2.736766
2.737464
2.738162
2.738860
2.739558
2.740256
2.740954
2.741652
2.742350
2.743048
2.743746
2.744444
2.745142
2.745840
2.746538
2.747236
2.747934
2.748632
2.749330
2.750028
2.750726
2.751424
2.752122
2.752820
2.753518
2.754216
2.754914
2.755612
2.756310
2.757008
2.757706
2.758404
2.759101
2.759799
2.760497
2.761195
2.761893
2.762591
2.763289
2.763987
2.764685
2.765383
2.766081
2.766779
2.767477
2.768175
2.768873
2.769571
2.770269
2.770967
2.771665
2.772363
2.773061
2.773759
2.774457
2.775155
2.775853
2.776551
2.777249
2.777947
2.778645
2.779343
2.780041
2.780739
2.781437
2.782135
2.782833
2.783531
2.784229
2.784927
2.785625
2.786323
2.787021
2.787719
2.788416
2.789114
2.789812
2.790510
2.791208
2.791906
2.792604
2.793302
2.794000
2.794698
2.795396
2.796094
2.796792
2.797490
2.798188
2.798886
2.799584
2.800282
2.800980
2.801678
2.802376
2.803074
2.803772
2.804470
2.805168
2.805866
2.806564
2.807262
2.807960
2.808658
2.809356
2.810054
2.810752
2.811450
2.812148
2.812846
2.813544
2.814242
2.814940
2.815638
2.816336
2.817034
2.817732
2.818429
2.819127
2.819825
2.820523
2.821221
2.821919
2.822617
2.823315
2.824013
2.824711
2.825409
2.826107
2.826805
2.827503
2.828201
2.828899
2.829597
2.830295
2.830993
2.831691
2.832389
2.833087
2.833785
2.834483
2.835181
2.835879
2.836577
2.837275
2.837973
2.838671
2.839369
2.840067
2.840765
2.841463
2.842161
2.842859
2.843557
2.844255
2.844953
2.845651
2.846349
2.847047
2.847745
2.848442
2.849140
2.849838
2.850536
2.851234
2.851932
2.852630
2.853328
2.854026
2.854724
2.855422
2.856120
2.856818
2.857516
2.858214
2.858912
2.859610
2.860308
2.861006
2.861704
2.862402
2.863100
2.863798
2.864496
2.865194
2.865892
2.866590
2.867288
2.867986
2.868684
2.869382
2.870080
2.870778
2.871476
2.872174
2.872872
2.873570
2.874268
2.874966
2.875664
2.876362
2.877060
2.877758
2.878455
2.879153
2.879851
2.880549
2.881247
2.881945
2.882643
2.883341
2.884039
2.884737
2.885435
2.886133
2.886831
2.887529
2.888227
2.888925
2.889623
2.890321
2.891019
2.891717
2.892415
2.893113
2.893811
2.894509
2.895207
2.895905
2.896603
2.897301
2.897999
2.898697
2.899395
2.900093
2.900791
2.901489
2.902187
2.902885
2.903583
2.904281
2.904979
2.905677
2.906375
2.907073
2.907770
2.908468
2.909166
2.909864
2.910562
2.911260
2.911958
2.912656
2.913354
2.914052
2.914750
2.915448
2.916146
2.916844
2.917542
2.918240
2.918938
2.919636
2.920334
2.921032
2.921730
2.922428
2.923126
2.923824
2.924522
2.925220
2.925918
2.926616
2.927314
2.928012
2.928710
2.929408
2.930106
2.930804
2.931502
2.932200
2.932898
2.933596
2.934294
2.934992
2.935690
2.936388
2.937086
2.937783
2.938481
2.939179
2.939877
2.940575
2.941273
2.941971
2.942669
2.943367
2.944065
2.944763
2.945461
2.946159
2.946857
2.947555
2.948253
2.948951
2.949649
2.950347
2.951045
2.951743
2.952441
2.953139
2.953837
2.954535
2.955233
2.955931
2.956629
2.957327
2.958025
2.958723
2.959421
2.960119
2.960817
2.961515
2.962213
2.962911
2.963609
2.964307
2.965005
2.965703
2.966401
2.967099
2.967796
2.968494
2.969192
2.969890
2.970588
2.971286
2.971984
2.972682
2.973380
2.974078
2.974776
2.975474
2.976172
2.976870
2.977568
2.978266
2.978964
2.979662
2.980360
2.981058
2.981756
2.982454
2.983152
2.983850
2.984548
2.985246
2.985944
2.986642
2.987340
2.988038
2.988736
2.989434
2.990132
2.990830
2.991528
2.992226
2.992924
2.993622
2.994320
2.995018
2.995716
2.996414
2.997111
2.997809
2.998507
2.999205
2.999903
3.000601
3.001299
3.001997
3.002695
3.003393
3.004091
3.004789
3.005487
3.006185
3.006883
3.007581
3.008279
3.008977
3.009675
3.010373
3.011071
3.011769
3.012467
3.013165
3.013863
3.014561
3.015259
3.015957
3.016655
3.017353
3.018051
3.018749
3.019447
3.020145
3.020843
3.021541
3.022239
3.022937
3.023635
3.024333
3.025031
3.025729
3.026427
3.027124
3.027822
3.028520
3.029218
3.029916
3.030614
3.031312
3.032010
3.032708
3.033406
3.034104
3.034802
3.035500
3.036198
3.036896
3.037594
3.038292
3.038990
3.039688
3.040386
3.041084
3.041782
3.042480
3.043178
3.043876
3.044574
3.045272
3.045970
3.046668
3.047366
3.048064
3.048762
3.049460
3.050158
3.050856
3.051554
3.052252
3.052950
3.053648
3.054346
3.055044
3.055742
3.056440
3.057137
3.057835
3.058533
3.059231
3.059929
3.060627
3.061325
3.062023
3.062721
3.063419
3.064117
3.064815
3.065513
3.066211
3.066909
3.067607
3.068305
3.069003
3.069701
3.070399
3.071097
3.071795
3.072493
3.073191
3.073889
3.074587
3.075285
3.075983
3.076681
3.077379
3.078077
3.078775
3.079473
3.080171
3.080869
3.081567
3.082265
3.082963
3.083661
3.084359
3.085057
3.085755
3.086453
3.087150
3.087848
3.088546
3.089244
3.089942
3.090640
3.091338
3.092036
3.092734
3.093432
3.094130
3.094828
3.095526
3.096224
3.096922
3.097620
3.098318
3.099016
3.099714
3.100412
3.101110
3.101808
3.102506
3.103204
3.103902
3.104600
3.105298
3.105996
3.106694
3.107392
3.108090
3.108788
3.109486
3.110184
3.110882
3.111580
3.112278
3.112976
3.113674
3.114372
3.115070
3.115768
3.116465
3.117163
3.117861
3.118559
3.119257
3.119955
3.120653
3.121351
3.122049
3.122747
3.123445
3.124143
3.124841
3.125539
3.126237
3.126935
3.127633
3.128331
3.129029
3.129727
3.130425
3.131123
3.131821
3.132519
3.133217
3.133915
3.134613
3.135311
3.136009
3.136707
3.137405
3.138103
3.138801
3.139499
3.140197
3.140895
