0.000000
0.001534
0.003068
0.004602
0.006136
0.007670
0.009204
0.010738
0.012272
0.013806
0.015340
0.016874
0.018408
0.019942
0.021476
0.023010
0.024544
0.026078
0.027612
0.029146
0.030680
0.032214
0.033748
0.035282
0.036816
0.038350
0.039884
0.041417
0.042951
0.044485
0.046019
0.047553
0.049087
0.050621
0.052155
0.053689
0.055223
0.056757
0.058291
0.059825
0.061359
0.062893
0.064427
0.065961
0.067495
0.069029
0.070563
0.072097
0.073631
0.075165
0.076699
0.078233
0.079767
0.081301
0.082835
0.084369
0.085903
0.087437
0.088971
0.090505
0.092039
0.093573
0.095107
0.096641
0.098175
0.099709
0.101243
0.102777
0.104311
0.105845
0.107379
0.108913
0.110447
0.111981
0.113515
0.115049
0.116583
0.118117
0.119651
0.121184
0.122718
0.124252
0.125786
0.127320
0.128854
0.130388
0.131922
0.133456
0.134990
0.136524
0.138058
0.139592
0.141126
0.142660
0.144194
0.145728
0.147262
0.148796
0.150330
0.151864
0.153398
0.154932
0.156466
0.158000
0.159534
0.161068
0.162602
0.164136
0.165670
0.167204
0.168738
0.170272
0.171806
0.173340
0.174874
0.176408
0.177942
0.179476
0.181010
0.182544
0.184078
0.185612
0.187146
0.188680
0.190214
0.191748
0.193282
0.194816
0.196350
0.197884
0.199418
0.200951
0.202485
0.204019
0.205553
0.207087
0.208621
0.210155
0.211689
0.213223
0.214757
0.216291
0.217825
0.219359
0.220893
0.222427
0.223961
0.225495
0.227029
0.228563
0.230097
0.231631
0.233165
0.234699
0.236233
0.237767
0.239301
0.240835
0.242369
0.243903
0.245437
0.246971
0.248505
0.250039
0.251573
0.253107
0.254641
0.256175
0.257709
0.259243
0.260777
0.262311
0.263845
0.265379
0.266913
0.268447
0.269981
0.271515
0.273049
0.274583
0.276117
0.277651
0.279185
0.280718
0.282252
0.283786
0.285320
0.286854
0.288388
0.289922
0.291456
0.292990
0.294524
0.296058
0.297592
0.299126
0.300660
0.302194
0.303728
0.305262
0.306796
0.308330
0.309864
0.311398
0.312932
0.314466
0.316000
0.317534
0.319068
0.320602
0.322136
0.323670
0.325204
0.326738
0.328272
0.329806
0.331340
0.332874
0.334408
0.335942
0.337476
0.339010
0.340544
0.342078
0.343612
0.345146
0.346680
0.348214
0.349748
0.351282
0.352816
0.354350
0.355884
0.357418
0.358952
0.360485
0.362019
0.363553
0.365087
0.366621
0.368155
0.369689
0.371223
0.372757
0.374291
0.375825
0.377359
0.378893
0.380427
0.381961
0.383495
0.385029
0.386563
0.388097
0.389631
0.391165
0.392699
0.394233
0.395767
0.397301
0.398835
0.400369
0.401903
0.403437
0.404971
0.406505
0.408039
0.409573
0.411107
0.412641
0.414175
0.415709
0.417243
0.418777
0.420311
0.421845
0.423379
0.424913
0.426447
0.427981
0.429515
0.431049
0.432583
0.434117
0.435651
0.437185
0.438719
0.440252
0.441786
0.443320
0.444854
0.446388
0.447922
0.449456
0.450990
0.452524
0.454058
0.455592
0.457126
0.458660
0.460194
0.461728
0.463262
0.464796
0.466330
0.467864
0.469398
0.470932
0.472466
0.474000
0.475534
0.477068
0.478602
0.480136
0.481670
0.483204
0.484738
0.486272
0.487806
0.489340
0.490874
0.492408
0.493942
0.495476
0.497010
0.498544
0.500078
0.501612
0.503146
0.504680
0.506214
0.507748
0.509282
0.510816
0.512350
0.513884
0.515418
0.516952
0.518486
0.520019
0.521553
0.523087
0.524621
0.526155
0.527689
0.529223
0.530757
0.532291
0.533825
0.535359
0.536893
0.538427
0.539961
0.541495
0.543029
0.544563
0.546097
0.547631
0.549165
0.550699
0.552233
0.553767
0.555301
0.556835
0.558369
0.559903
0.561437
0.562971
0.564505
0.566039
0.567573
0.569107
0.570641
0.572175
0.573709
0.575243
0.576777
0.578311
0.579845
0.581379
0.582913
0.584447
0.585981
0.587515
0.589049
0.590583
0.592117
0.593651
0.595185
0.596719
0.598253
0.599786
0.601320
0.602854
0.604388
0.605922
0.607456
0.608990
0.610524
0.612058
0.613592
0.615126
0.616660
0.618194
0.619728
0.621262
0.622796
0.624330
0.625864
0.627398
0.628932
0.630466
0.632000
0.633534
0.635068
0.636602
0.638136
0.639670
0.641204
0.642738
0.644272
0.645806
0.647340
0.648874
0.650408
0.651942
0.653476
0.655010
0.656544
0.658078
0.659612
0.661146
0.662680
0.664214
0.665748
0.667282
0.668816
0.670350
0.671884
0.673418
0.674952
0.676486
0.678020
0.679553
0.681087
0.682621
0.684155
0.685689
0.687223
0.688757
0.690291
0.691825
0.693359
0.694893
0.696427
0.697961
0.699495
0.701029
0.702563
0.704097
0.705631
0.707165
0.708699
0.710233
0.711767
0.713301
0.714835
0.716369
0.717903
0.719437
0.720971
0.722505
0.724039
0.725573
0.727107
0.728641
0.730175
0.731709
0.733243
0.734777
0.736311
0.737845
0.739379
0.740913
0.742447
0.743981
0.745515
0.747049
0.748583
0.750117
0.751651
0.753185
0.754719
0.756253
0.757787
0.759320
0.760854
0.762388
0.763922
0.765456
0.766990
0.768524
0.770058
0.771592
0.773126
0.774660
0.776194
0.777728
0.779262
0.780796
0.782330
0.783864
0.785398
0.786932
0.788466
0.790000
0.791534
0.793068
0.794602
0.796136
0.797670
0.799204
0.800738
0.802272
0.803806
0.805340
0.806874
0.808408
0.809942
0.811476
0.813010
0.814544
0.816078
0.817612
0.819146
0.820680
0.822214
0.823748
0.825282
0.826816
0.828350
0.829884
0.831418
0.832952
0.834486
0.836020
0.837554
0.839087
0.840621
0.842155
0.843689
0.845223
0.846757
0.848291
0.849825
0.851359
0.852893
0.854427
0.855961
0.857495
0.859029
0.860563
0.862097
0.863631
0.865165
0.866699
0.868233
0.869767
0.871301
0.872835
0.874369
0.875903
0.877437
0.878971
0.880505
0.882039
0.883573
0.885107
0.886641
0.888175
0.889709
0.891243
0.892777
0.894311
0.895845
0.897379
0.898913
0.900447
0.901981
0.903515
0.905049
0.906583
0.908117
0.909651
0.911185
0.912719
0.914253
0.915787
0.917321
0.918854
0.920388
0.921922
0.923456
0.924990
0.926524
0.928058
0.929592
0.931126
0.932660
0.934194
0.935728
0.937262
0.938796
0.940330
0.941864
0.943398
0.944932
0.946466
0.948000
0.949534
0.951068
0.952602
0.954136
0.955670
0.957204
0.958738
0.960272
0.961806
0.963340
0.964874
0.966408
0.967942
0.969476
0.971010
0.972544
0.974078
0.975612
0.977146
0.978680
0.980214
0.981748
0.983282
0.984816
0.986350
0.987884
0.989418
0.990952
0.992486
0.994020
0.995554
0.997088
0.998621
1.000155
1.001689
1.003223
1.004757
1.006291
1.007825
1.009359
1.010893
1.012427
1.013961
1.015495
1.017029
1.018563
1.020097
1.021631
1.023165
1.024699
1.026233
1.027767
1.029301
1.030835
1.032369
1.033903
1.035437
1.036971
1.038505
1.040039
1.041573
1.043107
1.044641
1.046175
1.047709
1.049243
1.050777
1.052311
1.053845
1.055379
1.056913
1.058447
1.059981
1.061515
1.063049
1.064583
1.066117
1.067651
1.069185
1.070719
1.072253
1.073787
1.075321
1.076855
1.078388
1.079922
1.081456
1.082990
1.084524
1.086058
1.087592
1.089126
1.090660
1.092194
1.093728
1.095262
1.096796
1.098330
1.099864
1.101398
1.102932
1.104466
1.106000
1.107534
1.109068
1.110602
1.112136
1.113670
1.115204
1.116738
1.118272
1.119806
1.121340
1.122874
1.124408
1.125942
1.127476
1.129010
1.130544
1.132078
1.133612
1.135146
1.136680
1.138214
1.139748
1.141282
1.142816
1.144350
1.145884
1.147418
1.148952
1.150486
1.152020
1.153554
1.155088
1.156622
1.158155
1.159689
1.161223
1.162757
1.164291
1.165825
1.167359
1.168893
1.170427
1.171961
1.173495
1.175029
1.176563
1.178097
1.179631
1.181165
1.182699
1.184233
1.185767
1.187301
1.188835
1.190369
1.191903
1.193437
1.194971
1.196505
1.198039
1.199573
1.201107
1.202641
1.204175
1.205709
1.207243
1.208777
1.210311
1.211845
1.213379
1.214913
1.216447
1.217981
1.219515
1.221049
1.222583
1.224117
1.225651
1.227185
1.228719
1.230253
1.231787
1.233321
1.234855
1.236389
1.237922
1.239456
1.240990
1.242524
1.244058
1.245592
1.247126
1.248660
1.250194
1.251728
1.253262
1.254796
1.256330
1.257864
1.259398
1.260932
1.262466
1.264000
1.265534
1.267068
1.268602
1.270136
1.271670
1.273204
1.274738
1.276272
1.277806
1.279340
1.280874
1.282408
1.283942
1.285476
1.287010
1.288544
1.290078
1.291612
1.293146
1.294680
1.296214
1.297748
1.299282
1.300816
1.302350
1.303884
1.305418
1.306952
1.308486
1.310020
1.311554
1.313088
1.314622
1.316156
1.317689
1.319223
1.320757
1.322291
1.323825
1.325359
1.326893
1.328427
1.329961
1.331495
1.333029
1.334563
1.336097
1.337631
1.339165
1.340699
1.342233
1.343767
1.345301
1.346835
1.348369
1.349903
1.351437
1.352971
1.354505
1.356039
1.357573
1.359107
1.360641
1.362175
1.363709
1.365243
1.366777
1.368311
1.369845
1.371379
1.372913
1.374447
1.375981
1.377515
1.379049
1.380583
1.382117
1.383651
1.385185
1.386719
1.388253
1.389787
1.391321
1.392855
1.394389
1.395923
1.397456
1.398990
1.400524
1.402058
1.403592
1.405126
1.406660
1.408194
1.409728
1.411262
1.412796
1.414330
1.415864
1.417398
1.418932
1.420466
1.422000
1.423534
1.425068
1.426602
1.428136
1.429670
1.431204
1.432738
1.434272
1.435806
1.437340
1.438874
1.440408
1.441942
1.443476
1.445010
1.446544
1.448078
1.449612
1.451146
1.452680
1.454214
1.455748
1.457282
1.458816
1.460350
1.461884
1.463418
1.464952
1.466486
1.468020
1.469554
1.471088
1.472622
1.474156
1.475690
1.477223
1.478757
1.480291
1.481825
1.483359
1.484893
1.486427
1.487961
1.489495
1.491029
1.492563
1.494097
1.495631
1.497165
1.498699
1.500233
1.501767
1.503301
1.504835
1.506369
1.507903
1.509437
1.510971
1.512505
1.514039
1.515573
1.517107
1.518641
1.520175
1.521709
1.523243
1.524777
1.526311
1.527845
1.529379
1.530913
1.532447
1.533981
1.535515
1.537049
1.538583
1.540117
1.541651
1.543185
1.544719
1.546253
1.547787
1.549321
1.550855
1.552389
1.553923
1.555457
1.556990
1.558524
1.560058
1.561592
1.563126
1.564660
1.566194
1.567728
1.569262
1.570796
1.572330
1.573864
1.575398
1.576932
1.578466
1.580000
1.581534
1.583068
1.584602
1.586136
1.587670
1.589204
1.590738
1.592272
1.593806
1.595340
1.596874
1.598408
1.599942
1.601476
1.603010
1.604544
1.606078
1.607612
1.609146
1.610680
1.612214
1.613748
1.615282
1.616816
1.618350
1.619884
1.621418
1.622952
1.624486
1.626020
1.627554
1.629088
1.630622
1.632156
1.633690
1.635224
1.636758
1.638291
1.639825
1.641359
1.642893
1.644427
1.645961
1.647495
1.649029
1.650563
1.652097
1.653631
1.655165
1.656699
1.658233
1.659767
1.661301
1.662835
1.664369
1.665903
1.667437
1.668971
1.670505
1.672039
1.673573
1.675107
1.676641
1.678175
1.679709
1.681243
1.682777
1.684311
1.685845
1.687379
1.688913
1.690447
1.691981
1.693515
1.695049
1.696583
1.698117
1.699651
1.701185
1.702719
1.704253
1.705787
1.707321
1.708855
1.710389
1.711923
1.713457
1.714991
1.716525
1.718058
1.719592
1.721126
1.722660
1.724194
1.725728
1.727262
1.728796
1.730330
1.731864
1.733398
1.734932
1.736466
1.738000
1.739534
1.741068
1.742602
1.744136
1.745670
1.747204
1.748738
1.750272
1.751806
1.753340
1.754874
1.756408
1.757942
1.759476
1.761010
1.762544
1.764078
1.765612
1.767146
1.768680
1.770214
1.771748
1.773282
1.774816
1.776350
1.777884
1.779418
1.780952
1.782486
1.784020
1.785554
1.787088
1.788622
1.790156
1.791690
1.793224
1.794758
1.796292
1.797825
1.799359
1.800893
1.802427
1.803961
1.805495
1.807029
1.808563
1.810097
1.811631
1.813165
1.814699
1.816233
1.817767
1.819301
1.820835
1.822369
1.823903
1.825437
1.826971
1.828505
1.830039
1.831573
1.833107
1.834641
1.836175
1.837709
1.839243
1.840777
1.842311
1.843845
1.845379
1.846913
1.848447
1.849981
1.851515
1.853049
1.854583
1.856117
1.857651
1.859185
1.860719
1.862253
1.863787
1.865321
1.866855
1.868389
1.869923
1.871457
1.872991
1.874525
1.876059
1.877592
1.879126
1.880660
1.882194
1.883728
1.885262
1.886796
1.888330
1.889864
1.891398
1.892932
1.894466
1.896000
1.897534
1.899068
1.900602
1.902136
1.903670
1.905204
1.906738
1.908272
1.909806
1.911340
1.912874
1.914408
1.915942
1.917476
1.919010
1.920544
1.922078
1.923612
1.925146
1.926680
1.928214
1.929748
1.931282
1.932816
1.934350
1.935884
1.937418
1.938952
1.940486
1.942020
1.943554
1.945088
1.946622
1.948156
1.949690
1.951224
1.952758
1.954292
1.955826
1.957359
1.958893
1.960427
1.961961
1.963495
1.965029
1.966563
1.968097
1.969631
1.971165
1.972699
1.974233
1.975767
1.977301
1.978835
1.980369
1.981903
1.983437
1.984971
1.986505
1.988039
1.989573
1.991107
1.992641
1.994175
1.995709
1.997243
1.998777
2.000311
2.001845
2.003379
2.004913
2.006447
2.007981
2.009515
2.011049
2.012583
2.014117
2.015651
2.017185
2.018719
2.020253
2.021787
2.023321
2.024855
2.026389
2.027923
2.029457
2.030991
2.032525
2.034059
2.035593
2.037126
2.038660
2.040194
2.041728
2.043262
2.044796
2.046330
2.047864
2.049398
2.050932
2.052466
2.054000
2.055534
2.057068
2.058602
2.060136
2.061670
2.063204
2.064738
2.066272
2.067806
2.069340
2.070874
2.072408
2.073942
2.075476
2.077010
2.078544
2.080078
2.081612
2.083146
2.084680
2.086214
2.087748
2.089282
2.090816
2.092350
2.093884
2.095418
2.096952
2.098486
2.100020
2.101554
2.103088
2.104622
2.106156
2.107690
2.109224
2.110758
2.112292
2.113826
2.115360
2.116893
2.118427
2.119961
2.121495
2.123029
2.124563
2.126097
2.127631
2.129165
2.130699
2.132233
2.133767
2.135301
2.136835
2.138369
2.139903
2.141437
2.142971
2.144505
2.146039
2.147573
2.149107
2.150641
2.152175
2.153709
2.155243
2.156777
2.158311
2.159845
2.161379
2.162913
2.164447
2.165981
2.167515
2.169049
2.170583
2.172117
2.173651
2.175185
2.176719
2.178253
2.179787
2.181321
2.182855
2.184389
2.185923
2.187457
2.188991
2.190525
2.192059
2.193593
2.195127
2.196660
2.198194
2.199728
2.201262
2.202796
2.204330
2.205864
2.207398
2.208932
2.210466
2.212000
2.213534
2.215068
2.216602
2.218136
2.219670
2.221204
2.222738
2.224272
2.225806
2.227340
2.228874
2.230408
2.231942
2.233476
2.235010
2.236544
2.238078
2.239612
2.241146
2.242680
2.244214
2.245748
2.247282
2.248816
2.250350
2.251884
2.253418
2.254952
2.256486
2.258020
2.259554
2.261088
2.262622
2.264156
2.265690
2.267224
2.268758
2.270292
2.271826
2.273360
2.274894
2.276427
2.277961
2.279495
2.281029
2.282563
2.284097
2.285631
2.287165
2.288699
2.290233
2.291767
2.293301
2.294835
2.296369
2.297903
2.299437
2.300971
2.302505
2.304039
2.305573
2.307107
2.308641
2.310175
2.311709
2.313243
2.314777
2.316311
2.317845
2.319379
2.320913
2.322447
2.323981
2.325515
2.327049
2.328583
2.330117
2.331651
2.333185
2.334719
2.336253
2.337787
2.339321
2.340855
2.342389
2.343923
2.345457
2.346991
2.348525
2.350059
2.351593
2.353127
2.354661
2.356194
2.357728
2.359262
2.360796
2.362330
2.363864
2.365398
2.366932
2.368466
2.370000
2.371534
2.373068
2.374602
2.376136
2.377670
2.379204
2.380738
2.382272
2.383806
2.385340
2.386874
2.388408
2.389942
2.391476
2.393010
2.394544
2.396078
2.397612
2.399146
2.400680
2.402214
2.403748
2.405282
2.406816
2.408350
2.409884
2.411418
2.412952
2.414486
2.416020
2.417554
2.419088
2.420622
2.422156
2.423690
2.425224
2.426758
2.428292
2.429826
2.431360
2.432894
2.434428
2.435961
2.437495
2.439029
2.440563
2.442097
2.443631
2.445165
2.446699
2.448233
2.449767
2.451301
2.452835
2.454369
2.455903
2.457437
2.458971
2.460505
2.462039
2.463573
2.465107
2.466641
2.468175
2.469709
2.471243
2.472777
2.474311
2.475845
2.477379
2.478913
2.480447
2.481981
2.483515
2.485049
2.486583
2.488117
2.489651
2.491185
2.492719
2.494253
2.495787
2.497321
2.498855
2.500389
2.501923
2.503457
2.504991
2.506525
2.508059
2.509593
2.511127
2.512661
2.514195
2.515728
2.517262
2.518796
2.520330
2.521864
2.523398
2.524932
2.526466
2.528000
2.529534
2.531068
2.532602
2.534136
2.535670
2.537204
2.538738
2.540272
2.541806
2.543340
2.544874
2.546408
2.547942
2.549476
2.551010
2.552544
2.554078
2.555612
2.557146
2.558680
2.560214
2.561748
2.563282
2.564816
2.566350
2.567884
2.569418
2.570952
2.572486
2.574020
2.575554
2.577088
2.578622
2.580156
2.581690
2.583224
2.584758
2.586292
2.587826
2.589360
2.590894
2.592428
2.593962
2.595495
2.597029
2.598563
2.600097
2.601631
2.603165
2.604699
2.606233
2.607767
2.609301
2.610835
2.612369
2.613903
2.615437
2.616971
2.618505
2.620039
2.621573
2.623107
2.624641
2.626175
2.627709
2.629243
2.630777
2.632311
2.633845
2.635379
2.636913
2.638447
2.639981
2.641515
2.643049
2.644583
2.646117
2.647651
2.649185
2.650719
2.652253
2.653787
2.655321
2.656855
2.658389
2.659923
2.661457
2.662991
2.664525
2.666059
2.667593
2.669127
2.670661
2.672195
2.673729
2.675262
2.676796
2.678330
2.679864
2.681398
2.682932
2.684466
2.686000
2.687534
2.689068
2.690602
2.692136
2.693670
2.695204
2.696738
2.698272
2.699806
2.701340
2.702874
2.704408
2.705942
2.707476
2.709010
2.710544
2.712078
2.713612
2.715146
2.716680
2.718214
2.719748
2.721282
2.722816
2.724350
2.725884
2.727418
2.728952
2.730486
2.732020
2.733554
2.735088
2.736622
2.738156
2.739690
2.741224
2.742758
2.744292
2.745826
2.747360
2.748894
2.750428
2.751962
2.753496
2.755029
2.756563
2.758097
2.759631
2.761165
2.762699
2.764233
2.765767
2.767301
2.768835
2.770369
2.771903
2.773437
2.774971
2.776505
2.778039
2.779573
2.781107
2.782641
2.784175
2.785709
2.787243
2.788777
2.790311
2.791845
2.793379
2.794913
2.796447
2.797981
2.799515
2.801049
2.802583
2.804117
2.805651
2.807185
2.808719
2.810253
2.811787
2.813321
2.814855
2.816389
2.817923
2.819457
2.820991
2.822525
2.824059
2.825593
2.827127
2.828661
2.830195
2.831729
2.833263
2.834796
2.836330
2.837864
2.839398
2.840932
2.842466
2.844000
2.845534
2.847068
2.848602
2.850136
2.851670
2.853204
2.854738
2.856272
2.857806
2.859340
2.860874
2.862408
2.863942
2.865476
2.867010
2.868544
2.870078
2.871612
2.873146
2.874680
2.876214
2.877748
2.879282
2.880816
2.882350
2.883884
2.885418
2.886952
2.888486
2.890020
2.891554
2.893088
2.894622
2.896156
2.897690
2.899224
2.900758
2.902292
2.903826
2.905360
2.906894
2.908428
2.909962
2.911496
2.913030
2.914563
2.916097
2.917631
2.919165
2.920699
2.922233
2.923767
2.925301
2.926835
2.928369
2.929903
2.931437
2.932971
2.934505
2.936039
2.937573
2.939107
2.940641
2.942175
2.943709
2.945243
2.946777
2.948311
2.949845
2.951379
2.952913
2.954447
2.955981
2.957515
2.959049
2.960583
2.962117
2.963651
2.965185
2.966719
2.968253
2.969787
2.971321
2.972855
2.974389
2.975923
2.977457
2.978991
2.980525
2.982059
2.983593
2.985127
2.986661
2.988195
2.989729
2.991263
2.992797
2.994330
2.995864
2.997398
2.998932
3.000466
3.002000
3.003534
3.005068
3.006602
3.008136
3.009670
3.011204
3.012738
3.014272
3.015806
3.017340
3.018874
3.020408
3.021942
3.023476
3.025010
3.026544
3.028078
3.029612
3.031146
3.032680
3.034214
3.035748
3.037282
3.038816
3.040350
3.041884
3.043418
3.044952
3.046486
3.048020
3.049554
3.051088
3.052622
3.054156
3.055690
3.057224
3.058758
3.060292
3.061826
3.063360
3.064894
3.066428
3.067962
3.069496
3.071030
3.072564
3.074097
3.075631
3.077165
3.078699
3.080233
3.081767
3.083301
3.084835
3.086369
3.087903
3.089437
3.090971
3.092505
3.094039
3.095573
3.097107
3.098641
3.100175
3.101709
3.103243
3.104777
3.106311
3.107845
3.109379
3.110913
3.112447
3.113981
3.115515
3.117049
3.118583
3.120117
3.121651
3.123185
3.124719
3.126253
3.127787
3.129321
3.130855
3.132389
3.133923
3.135457
3.136991
3.138525
3.140059
