0.000000
0.001227
0.002454
0.003682
0.004909
0.006136
0.007363
0.008590
0.009817
0.011045
0.012272
0.013499
0.014726
0.015953
0.017181
0.018408
0.019635
0.020862
0.022089
0.023317
0.024544
0.025771
0.026998
0.028225
0.029452
0.030680
0.031907
0.033134
0.034361
0.035588
0.036816
0.038043
0.039270
0.040497
0.041724
0.042951
0.044179
0.045406
0.046633
0.047860
0.049087
0.050315
0.051542
0.052769
0.053996
0.055223
0.056450
0.057678
0.058905
0.060132
0.061359
0.062586
0.063814
0.065041
0.066268
0.067495
0.068722
0.069950
0.071177
0.072404
0.073631
0.074858
0.076085
0.077313
0.078540
0.079767
0.080994
0.082221
0.083449
0.084676
0.085903
0.087130
0.088357
0.089584
0.090812
0.092039
0.093266
0.094493
0.095720
0.096948
0.098175
0.099402
0.100629
0.101856
0.103084
0.104311
0.105538
0.106765
0.107992
0.109219
0.110447
0.111674
0.112901
0.114128
0.115355
0.116583
0.117810
0.119037
0.120264
0.121491
0.122718
0.123946
0.125173
0.126400
0.127627
0.128854
0.130082
0.131309
0.132536
0.133763
0.134990
0.136217
0.137445
0.138672
0.139899
0.141126
0.142353
0.143581
0.144808
0.146035
0.147262
0.148489
0.149717
0.150944
0.152171
0.153398
0.154625
0.155852
0.157080
0.158307
0.159534
0.160761
0.161988
0.163216
0.164443
0.165670
0.166897
0.168124
0.169351
0.170579
0.171806
0.173033
0.174260
0.175487
0.176715
0.177942
0.179169
0.180396
0.181623
0.182851
0.184078
0.185305
0.186532
0.187759
0.188986
0.190214
0.191441
0.192668
0.193895
0.195122
0.196350
0.197577
0.198804
0.200031
0.201258
0.202485
0.203713
0.204940
0.206167
0.207394
0.208621
0.209849
0.211076
0.212303
0.213530
0.214757
0.215984
0.217212
0.218439
0.219666
0.220893
0.222120
0.223348
0.224575
0.225802
0.227029
0.228256
0.229484
0.230711
0.231938
0.233165
0.234392
0.235619
0.236847
0.238074
0.239301
0.240528
0.241755
0.242983
0.244210
0.245437
0.246664
0.247891
0.249118
0.250346
0.251573
0.252800
0.254027
0.255254
0.256482
0.257709
0.258936
0.260163
0.261390
0.262618
0.263845
0.265072
0.266299
0.267526
0.268753
0.269981
0.271208
0.272435
0.273662
0.274889
0.276117
0.277344
0.278571
0.279798
0.281025
0.282252
0.283480
0.284707
0.285934
0.287161
0.288388
0.289616
0.290843
0.292070
0.293297
0.294524
0.295751
0.296979
0.298206
0.299433
0.300660
0.301887
0.303115
0.304342
0.305569
0.306796
0.308023
0.309251
0.310478
0.311705
0.312932
0.314159
0.315386
0.316614
0.317841
0.319068
0.320295
0.321522
0.322750
0.323977
0.325204
0.326431
0.327658
0.328885
0.330113
0.331340
0.332567
0.333794
0.335021
0.336249
0.337476
0.338703
0.339930
0.341157
0.342385
0.343612
0.344839
0.346066
0.347293
0.348520
0.349748
0.350975
0.352202
0.353429
0.354656
0.355884
0.357111
0.358338
0.359565
0.360792
0.362019
0.363247
0.364474
0.365701
0.366928
0.368155
0.369383
0.370610
0.371837
0.373064
0.374291
0.375518
0.376746
0.377973
0.379200
0.380427
0.381654
0.382882
0.384109
0.385336
0.386563
0.387790
0.389018
0.390245
0.391472
0.392699
0.393926
0.395153
0.396381
0.397608
0.398835
0.400062
0.401289
0.402517
0.403744
0.404971
0.406198
0.407425
0.408652
0.409880
0.411107
0.412334
0.413561
0.414788
0.416016
0.417243
0.418470
0.419697
0.420924
0.422152
0.423379
0.424606
0.425833
0.427060
0.428287
0.429515
0.430742
0.431969
0.433196
0.434423
0.435651
0.436878
0.438105
0.439332
0.440559
0.441786
0.443014
0.444241
0.445468
0.446695
0.447922
0.449150
0.450377
0.451604
0.452831
0.454058
0.455285
0.456513
0.457740
0.458967
0.460194
0.461421
0.462649
0.463876
0.465103
0.466330
0.467557
0.468785
0.470012
0.471239
0.472466
0.473693
0.474920
0.476148
0.477375
0.478602
0.479829
0.481056
0.482284
0.483511
0.484738
0.485965
0.487192
0.488419
0.489647
0.490874
0.492101
0.493328
0.494555
0.495783
0.497010
0.498237
0.499464
0.500691
0.501919
0.503146
0.504373
0.505600
0.506827
0.508054
0.509282
0.510509
0.511736
0.512963
0.514190
0.515418
0.516645
0.517872
0.519099
0.520326
0.521553
0.522781
0.524008
0.525235
0.526462
0.527689
0.528917
0.530144
0.531371
0.532598
0.533825
0.535052
0.536280
0.537507
0.538734
0.539961
0.541188
0.542416
0.543643
0.544870
0.546097
0.547324
0.548552
0.549779
0.551006
0.552233
0.553460
0.554687
0.555915
0.557142
0.558369
0.559596
0.560823
0.562051
0.563278
0.564505
0.565732
0.566959
0.568186
0.569414
0.570641
0.571868
0.573095
0.574322
0.575550
0.576777
0.578004
0.579231
0.580458
0.581686
0.582913
0.584140
0.585367
0.586594
0.587821
0.589049
0.590276
0.591503
0.592730
0.593957
0.595185
0.596412
0.597639
0.598866
0.600093
0.601320
0.602548
0.603775
0.605002
0.606229
0.607456
0.608684
0.609911
0.611138
0.612365
0.613592
0.614819
0.616047
0.617274
0.618501
0.619728
0.620955
0.622183
0.623410
0.624637
0.625864
0.627091
0.628319
0.629546
0.630773
0.632000
0.633227
0.634454
0.635682
0.636909
0.638136
0.639363
0.640590
0.641818
0.643045
0.644272
0.645499
0.646726
0.647953
0.649181
0.650408
0.651635
0.652862
0.654089
0.655317
0.656544
0.657771
0.658998
0.660225
0.661453
0.662680
0.663907
0.665134
0.666361
0.667588
0.668816
0.670043
0.671270
0.672497
0.673724
0.674952
0.676179
0.677406
0.678633
0.679860
0.681087
0.682315
0.683542
0.684769
0.685996
0.687223
0.688451
0.689678
0.690905
0.692132
0.693359
0.694587
0.695814
0.697041
0.698268
0.699495
0.700722
0.701950
0.703177
0.704404
0.705631
0.706858
0.708086
0.709313
0.710540
0.711767
0.712994
0.714221
0.715449
0.716676
0.717903
0.719130
0.720357
0.721585
0.722812
0.724039
0.725266
0.726493
0.727720
0.728948
0.730175
0.731402
0.732629
0.733856
0.735084
0.736311
0.737538
0.738765
0.739992
0.741220
0.742447
0.743674
0.744901
0.746128
0.747355
0.748583
0.749810
0.751037
0.752264
0.753491
0.754719
0.755946
0.757173
0.758400
0.759627
0.760854
0.762082
0.763309
0.764536
0.765763
0.766990
0.768218
0.769445
0.770672
0.771899
0.773126
0.774354
0.775581
0.776808
0.778035
0.779262
0.780489
0.781717
0.782944
0.784171
0.785398
0.786625
0.787853
0.789080
0.790307
0.791534
0.792761
0.793988
0.795216
0.796443
0.797670
0.798897
0.800124
0.801352
0.802579
0.803806
0.805033
0.806260
0.807487
0.808715
0.809942
0.811169
0.812396
0.813623
0.814851
0.816078
0.817305
0.818532
0.819759
0.820987
0.822214
0.823441
0.824668
0.825895
0.827122
0.828350
0.829577
0.830804
0.832031
0.833258
0.834486
0.835713
0.836940
0.838167
0.839394
0.840621
0.841849
0.843076
0.844303
0.845530
0.846757
0.847985
0.849212
0.850439
0.851666
0.852893
0.854121
0.855348
0.856575
0.857802
0.859029
0.860256
0.861484
0.862711
0.863938
0.865165
0.866392
0.867620
0.868847
0.870074
0.871301
0.872528
0.873755
0.874983
0.876210
0.877437
0.878664
0.879891
0.881119
0.882346
0.883573
0.884800
0.886027
0.887254
0.888482
0.889709
0.890936
0.892163
0.893390
0.894618
0.895845
0.897072
0.898299
0.899526
0.900754
0.901981
0.903208
0.904435
0.905662
0.906889
0.908117
0.909344
0.910571
0.911798
0.913025
0.914253
0.915480
0.916707
0.917934
0.919161
0.920388
0.921616
0.922843
0.924070
0.925297
0.926524
0.927752
0.928979
0.930206
0.931433
0.932660
0.933888
0.935115
0.936342
0.937569
0.938796
0.940023
0.941251
0.942478
0.943705
0.944932
0.946159
0.947387
0.948614
0.949841
0.951068
0.952295
0.953522
0.954750
0.955977
0.957204
0.958431
0.959658
0.960886
0.962113
0.963340
0.964567
0.965794
0.967021
0.968249
0.969476
0.970703
0.971930
0.973157
0.974385
0.975612
0.976839
0.978066
0.979293
0.980521
0.981748
0.982975
0.984202
0.985429
0.986656
0.987884
0.989111
0.990338
0.991565
0.992792
0.994020
0.995247
0.996474
0.997701
0.998928
1.000155
1.001383
1.002610
1.003837
1.005064
1.006291
1.007519
1.008746
1.009973
1.011200
1.012427
1.013655
1.014882
1.016109
1.017336
1.018563
1.019790
1.021018
1.022245
1.023472
1.024699
1.025926
1.027154
1.028381
1.029608
1.030835
1.032062
1.033289
1.034517
1.035744
1.036971
1.038198
1.039425
1.040653
1.041880
1.043107
1.044334
1.045561
1.046788
1.048016
1.049243
1.050470
1.051697
1.052924
1.054152
1.055379
1.056606
1.057833
1.059060
1.060288
1.061515
1.062742
1.063969
1.065196
1.066423
1.067651
1.068878
1.070105
1.071332
1.072559
1.073787
1.075014
1.076241
1.077468
1.078695
1.079922
1.081150
1.082377
1.083604
1.084831
1.086058
1.087286
1.088513
1.089740
1.090967
1.092194
1.093422
1.094649
1.095876
1.097103
1.098330
1.099557
1.100785
1.102012
1.103239
1.104466
1.105693
1.106921
1.108148
1.109375
1.110602
1.111829
1.113056
1.114284
1.115511
1.116738
1.117965
1.119192
1.120420
1.121647
1.122874
1.124101
1.125328
1.126555
1.127783
1.129010
1.130237
1.131464
1.132691
1.133919
1.135146
1.136373
1.137600
1.138827
1.140055
1.141282
1.142509
1.143736
1.144963
1.146190
1.147418
1.148645
1.149872
1.151099
1.152326
1.153554
1.154781
1.156008
1.157235
1.158462
1.159689
1.160917
1.162144
1.163371
1.164598
1.165825
1.167053
1.168280
1.169507
1.170734
1.171961
1.173189
1.174416
1.175643
1.176870
1.178097
1.179324
1.180552
1.181779
1.183006
1.184233
1.185460
1.186688
1.187915
1.189142
1.190369
1.191596
1.192823
1.194051
1.195278
1.196505
1.197732
1.198959
1.200187
1.201414
1.202641
1.203868
1.205095
1.206322
1.207550
1.208777
1.210004
1.211231
1.212458
1.213686
1.214913
1.216140
1.217367
1.218594
1.219822
1.221049
1.222276
1.223503
1.224730
1.225957
1.227185
1.228412
1.229639
1.230866
1.232093
1.233321
1.234548
1.235775
1.237002
1.238229
1.239456
1.240684
1.241911
1.243138
1.244365
1.245592
1.246820
1.248047
1.249274
1.250501
1.251728
1.252956
1.254183
1.255410
1.256637
1.257864
1.259091
1.260319
1.261546
1.262773
1.264000
1.265227
1.266455
1.267682
1.268909
1.270136
1.271363
1.272590
1.273818
1.275045
1.276272
1.277499
1.278726
1.279954
1.281181
1.282408
1.283635
1.284862
1.286089
1.287317
1.288544
1.289771
1.290998
1.292225
1.293453
1.294680
1.295907
1.297134
1.298361
1.299589
1.300816
1.302043
1.303270
1.304497
1.305724
1.306952
1.308179
1.309406
1.310633
1.311860
1.313088
1.314315
1.315542
1.316769
1.317996
1.319223
1.320451
1.321678
1.322905
1.324132
1.325359
1.326587
1.327814
1.329041
1.330268
1.331495
1.332723
1.333950
1.335177
1.336404
1.337631
1.338858
1.340086
1.341313
1.342540
1.343767
1.344994
1.346222
1.347449
1.348676
1.349903
1.351130
1.352357
1.353585
1.354812
1.356039
1.357266
1.358493
1.359721
1.360948
1.362175
1.363402
1.364629
1.365856
1.367084
1.368311
1.369538
1.370765
1.371992
1.373220
1.374447
1.375674
1.376901
1.378128
1.379356
1.380583
1.381810
1.383037
1.384264
1.385491
1.386719
1.387946
1.389173
1.390400
1.391627
1.392855
1.394082
1.395309
1.396536
1.397763
1.398990
1.400218
1.401445
1.402672
1.403899
1.405126
1.406354
1.407581
1.408808
1.410035
1.411262
1.412490
1.413717
1.414944
1.416171
1.417398
1.418625
1.419853
1.421080
1.422307
1.423534
1.424761
1.425989
1.427216
1.428443
1.429670
1.430897
1.432124
1.433352
1.434579
1.435806
1.437033
1.438260
1.439488
1.440715
1.441942
1.443169
1.444396
1.445623
1.446851
1.448078
1.449305
1.450532
1.451759
1.452987
1.454214
1.455441
1.456668
1.457895
1.459123
1.460350
1.461577
1.462804
1.464031
1.465258
1.466486
1.467713
1.468940
1.470167
1.471394
1.472622
1.473849
1.475076
1.476303
1.477530
1.478757
1.479985
1.481212
1.482439
1.483666
1.484893
1.486121
1.487348
1.488575
1.489802
1.491029
1.492257
1.493484
1.494711
1.495938
1.497165
1.498392
1.499620
1.500847
1.502074
1.503301
1.504528
1.505756
1.506983
1.508210
1.509437
1.510664
1.511891
1.513119
1.514346
1.515573
1.516800
1.518027
1.519255
1.520482
1.521709
1.522936
1.524163
1.525390
1.526618
1.527845
1.529072
1.530299
1.531526
1.532754
1.533981
1.535208
1.536435
1.537662
1.538890
1.540117
1.541344
1.542571
1.543798
1.545025
1.546253
1.547480
1.548707
1.549934
1.551161
1.552389
1.553616
1.554843
1.556070
1.557297
1.558524
1.559752
1.560979
1.562206
1.563433
1.564660
1.565888
1.567115
1.568342
1.569569
1.570796
1.572024
1.573251
1.574478
1.575705
1.576932
1.578159
1.579387
1.580614
1.581841
1.583068
1.584295
1.585523
1.586750
1.587977
1.589204
1.590431
1.591658
1.592886
1.594113
1.595340
1.596567
1.597794
1.599022
1.600249
1.601476
1.602703
1.603930
1.605157
1.606385
1.607612
1.608839
1.610066
1.611293
1.612521
1.613748
1.614975
1.616202
1.617429
1.618657
1.619884
1.621111
1.622338
1.623565
1.624792
1.626020
1.627247
1.628474
1.629701
1.630928
1.632156
1.633383
1.634610
1.635837
1.637064
1.638291
1.639519
1.640746
1.641973
1.643200
1.644427
1.645655
1.646882
1.648109
1.649336
1.650563
1.651791
1.653018
1.654245
1.655472
1.656699
1.657926
1.659154
1.660381
1.661608
1.662835
1.664062
1.665290
1.666517
1.667744
1.668971
1.670198
1.671425
1.672653
1.673880
1.675107
1.676334
1.677561
1.678789
1.680016
1.681243
1.682470
1.683697
1.684924
1.686152
1.687379
1.688606
1.689833
1.691060
1.692288
1.693515
1.694742
1.695969
1.697196
1.698424
1.699651
1.700878
1.702105
1.703332
1.704559
1.705787
1.707014
1.708241
1.709468
1.710695
1.711923
1.713150
1.714377
1.715604
1.716831
1.718058
1.719286
1.720513
1.721740
1.722967
1.724194
1.725422
1.726649
1.727876
1.729103
1.730330
1.731558
1.732785
1.734012
1.735239
1.736466
1.737693
1.738921
1.740148
1.741375
1.742602
1.743829
1.745057
1.746284
1.747511
1.748738
1.749965
1.751192
1.752420
1.753647
1.754874
1.756101
1.757328
1.758556
1.759783
1.761010
1.762237
1.763464
1.764691
1.765919
1.767146
1.768373
1.769600
1.770827
1.772055
1.773282
1.774509
1.775736
1.776963
1.778191
1.779418
1.780645
1.781872
1.783099
1.784326
1.785554
1.786781
1.788008
1.789235
1.790462
1.791690
1.792917
1.794144
1.795371
1.796598
1.797825
1.799053
1.800280
1.801507
1.802734
1.803961
1.805189
1.806416
1.807643
1.808870
1.810097
1.811325
1.812552
1.813779
1.815006
1.816233
1.817460
1.818688
1.819915
1.821142
1.822369
1.823596
1.824824
1.826051
1.827278
1.828505
1.829732
1.830959
1.832187
1.833414
1.834641
1.835868
1.837095
1.838323
1.839550
1.840777
1.842004
1.843231
1.844458
1.845686
1.846913
1.848140
1.849367
1.850594
1.851822
1.853049
1.854276
1.855503
1.856730
1.857958
1.859185
1.860412
1.861639
1.862866
1.864093
1.865321
1.866548
1.867775
1.869002
1.870229
1.871457
1.872684
1.873911
1.875138
1.876365
1.877592
1.878820
1.880047
1.881274
1.882501
1.883728
1.884956
1.886183
1.887410
1.888637
1.889864
1.891092
1.892319
1.893546
1.894773
1.896000
1.897227
1.898455
1.899682
1.900909
1.902136
1.903363
1.904591
1.905818
1.907045
1.908272
1.909499
1.910726
1.911954
1.913181
1.914408
1.915635
1.916862
1.918090
1.919317
1.920544
1.921771
1.922998
1.924226
1.925453
1.926680
1.927907
1.929134
1.930361
1.931589
1.932816
1.934043
1.935270
1.936497
1.937725
1.938952
1.940179
1.941406
1.942633
1.943860
1.945088
1.946315
1.947542
1.948769
1.949996
1.951224
1.952451
1.953678
1.954905
1.956132
1.957359
1.958587
1.959814
1.961041
1.962268
1.963495
1.964723
1.965950
1.967177
1.968404
1.969631
1.970859
1.972086
1.973313
1.974540
1.975767
1.976994
1.978222
1.979449
1.980676
1.981903
1.983130
1.984358
1.985585
1.986812
1.988039
1.989266
1.990493
1.991721
1.992948
1.994175
1.995402
1.996629
1.997857
1.999084
2.000311
2.001538
2.002765
2.003993
2.005220
2.006447
2.007674
2.008901
2.010128
2.011356
2.012583
2.013810
2.015037
2.016264
2.017492
2.018719
2.019946
2.021173
2.022400
2.023627
2.024855
2.026082
2.027309
2.028536
2.029763
2.030991
2.032218
2.033445
2.034672
2.035899
2.037126
2.038354
2.039581
2.040808
2.042035
2.043262
2.044490
2.045717
2.046944
2.048171
2.049398
2.050626
2.051853
2.053080
2.054307
2.055534
2.056761
2.057989
2.059216
2.060443
2.061670
2.062897
2.064125
2.065352
2.066579
2.067806
2.069033
2.070260
2.071488
2.072715
2.073942
2.075169
2.076396
2.077624
2.078851
2.080078
2.081305
2.082532
2.083760
2.084987
2.086214
2.087441
2.088668
2.089895
2.091123
2.092350
2.093577
2.094804
2.096031
2.097259
2.098486
2.099713
2.100940
2.102167
2.103394
2.104622
2.105849
2.107076
2.108303
2.109530
2.110758
2.111985
2.113212
2.114439
2.115666
2.116893
2.118121
2.119348
2.120575
2.121802
2.123029
2.124257
2.125484
2.126711
2.127938
2.129165
2.130393
2.131620
2.132847
2.134074
2.135301
2.136528
2.137756
2.138983
2.140210
2.141437
2.142664
2.143892
2.145119
2.146346
2.147573
2.148800
2.150027
2.151255
2.152482
2.153709
2.154936
2.156163
2.157391
2.158618
2.159845
2.161072
2.162299
2.163527
2.164754
2.165981
2.167208
2.168435
2.169662
2.170890
2.172117
2.173344
2.174571
2.175798
2.177026
2.178253
2.179480
2.180707
2.181934
2.183161
2.184389
2.185616
2.186843
2.188070
2.189297
2.190525
2.191752
2.192979
2.194206
2.195433
2.196660
2.197888
2.199115
2.200342
2.201569
2.202796
2.204024
2.205251
2.206478
2.207705
2.208932
2.210160
2.211387
2.212614
2.213841
2.215068
2.216295
2.217523
2.218750
2.219977
2.221204
2.222431
2.223659
2.224886
2.226113
2.227340
2.228567
2.229794
2.231022
2.232249
2.233476
2.234703
2.235930
2.237158
2.238385
2.239612
2.240839
2.242066
2.243294
2.244521
2.245748
2.246975
2.248202
2.249429
2.250657
2.251884
2.253111
2.254338
2.255565
2.256793
2.258020
2.259247
2.260474
2.261701
2.262928
2.264156
2.265383
2.266610
2.267837
2.269064
2.270292
2.271519
2.272746
2.273973
2.275200
2.276427
2.277655
2.278882
2.280109
2.281336
2.282563
2.283791
2.285018
2.286245
2.287472
2.288699
2.289927
2.291154
2.292381
2.293608
2.294835
2.296062
2.297290
2.298517
2.299744
2.300971
2.302198
2.303426
2.304653
2.305880
2.307107
2.308334
2.309561
2.310789
2.312016
2.313243
2.314470
2.315697
2.316925
2.318152
2.319379
2.320606
2.321833
2.323061
2.324288
2.325515
2.326742
2.327969
2.329196
2.330424
2.331651
2.332878
2.334105
2.335332
2.336560
2.337787
2.339014
2.340241
2.341468
2.342695
2.343923
2.345150
2.346377
2.347604
2.348831
2.350059
2.351286
2.352513
2.353740
2.354967
2.356194
2.357422
2.358649
2.359876
2.361103
2.362330
2.363558
2.364785
2.366012
2.367239
2.368466
2.369694
2.370921
2.372148
2.373375
2.374602
2.375829
2.377057
2.378284
2.379511
2.380738
2.381965
2.383193
2.384420
2.385647
2.386874
2.388101
2.389328
2.390556
2.391783
2.393010
2.394237
2.395464
2.396692
2.397919
2.399146
2.400373
2.401600
2.402828
2.404055
2.405282
2.406509
2.407736
2.408963
2.410191
2.411418
2.412645
2.413872
2.415099
2.416327
2.417554
2.418781
2.420008
2.421235
2.422462
2.423690
2.424917
2.426144
2.427371
2.428598
2.429826
2.431053
2.432280
2.433507
2.434734
2.435961
2.437189
2.438416
2.439643
2.440870
2.442097
2.443325
2.444552
2.445779
2.447006
2.448233
2.449461
2.450688
2.451915
2.453142
2.454369
2.455596
2.456824
2.458051
2.459278
2.460505
2.461732
2.462960
2.464187
2.465414
2.466641
2.467868
2.469095
2.470323
2.471550
2.472777
2.474004
2.475231
2.476459
2.477686
2.478913
2.480140
2.481367
2.482595
2.483822
2.485049
2.486276
2.487503
2.488730
2.489958
2.491185
2.492412
2.493639
2.494866
2.496094
2.497321
2.498548
2.499775
2.501002
2.502229
2.503457
2.504684
2.505911
2.507138
2.508365
2.509593
2.510820
2.512047
2.513274
2.514501
2.515728
2.516956
2.518183
2.519410
2.520637
2.521864
2.523092
2.524319
2.525546
2.526773
2.528000
2.529228
2.530455
2.531682
2.532909
2.534136
2.535363
2.536591
2.537818
2.539045
2.540272
2.541499
2.542727
2.543954
2.545181
2.546408
2.547635
2.548862
2.550090
2.551317
2.552544
2.553771
2.554998
2.556226
2.557453
2.558680
2.559907
2.561134
2.562362
2.563589
2.564816
2.566043
2.567270
2.568497
2.569725
2.570952
2.572179
2.573406
2.574633
2.575861
2.577088
2.578315
2.579542
2.580769
2.581996
2.583224
2.584451
2.585678
2.586905
2.588132
2.589360
2.590587
2.591814
2.593041
2.594268
2.595495
2.596723
2.597950
2.599177
2.600404
2.601631
2.602859
2.604086
2.605313
2.606540
2.607767
2.608995
2.610222
2.611449
2.612676
2.613903
2.615130
2.616358
2.617585
2.618812
2.620039
2.621266
2.622494
2.623721
2.624948
2.626175
2.627402
2.628629
2.629857
2.631084
2.632311
2.633538
2.634765
2.635993
2.637220
2.638447
2.639674
2.640901
2.642129
2.643356
2.644583
2.645810
2.647037
2.648264
2.649492
2.650719
2.651946
2.653173
2.654400
2.655628
2.656855
2.658082
2.659309
2.660536
2.661763
2.662991
2.664218
2.665445
2.666672
2.667899
2.669127
2.670354
2.671581
2.672808
2.674035
2.675262
2.676490
2.677717
2.678944
2.680171
2.681398
2.682626
2.683853
2.685080
2.686307
2.687534
2.688762
2.689989
2.691216
2.692443
2.693670
2.694897
2.696125
2.697352
2.698579
2.699806
2.701033
2.702261
2.703488
2.704715
2.705942
2.707169
2.708396
2.709624
2.710851
2.712078
2.713305
2.714532
2.715760
2.716987
2.718214
2.719441
2.720668
2.721896
2.723123
2.724350
2.725577
2.726804
2.728031
2.729259
2.730486
2.731713
2.732940
2.734167
2.735395
2.736622
2.737849
2.739076
2.740303
2.741530
2.742758
2.743985
2.745212
2.746439
2.747666
2.748894
2.750121
2.751348
2.752575
2.753802
2.755029
2.756257
2.757484
2.758711
2.759938
2.761165
2.762393
2.763620
2.764847
2.766074
2.767301
2.768529
2.769756
2.770983
2.772210
2.773437
2.774664
2.775892
2.777119
2.778346
2.779573
2.780800
2.782028
2.783255
2.784482
2.785709
2.786936
2.788163
2.789391
2.790618
2.791845
2.793072
2.794299
2.795527
2.796754
2.797981
2.799208
2.800435
2.801663
2.802890
2.804117
2.805344
2.806571
2.807798
2.809026
2.810253
2.811480
2.812707
2.813934
2.815162
2.816389
2.817616
2.818843
2.820070
2.821297
2.822525
2.823752
2.824979
2.826206
2.827433
2.828661
2.829888
2.831115
2.832342
2.833569
2.834796
2.836024
2.837251
2.838478
2.839705
2.840932
2.842160
2.843387
2.844614
2.845841
2.847068
2.848296
2.849523
2.850750
2.851977
2.853204
2.854431
2.855659
2.856886
2.858113
2.859340
2.860567
2.861795
2.863022
2.864249
2.865476
2.866703
2.867930
2.869158
2.870385
2.871612
2.872839
2.874066
2.875294
2.876521
2.877748
2.878975
2.880202
2.881430
2.882657
2.883884
2.885111
2.886338
2.887565
2.888793
2.890020
2.891247
2.892474
2.893701
2.894929
2.896156
2.897383
2.898610
2.899837
2.901064
2.902292
2.903519
2.904746
2.905973
2.907200
2.908428
2.909655
2.910882
2.912109
2.913336
2.914563
2.915791
2.917018
2.918245
2.919472
2.920699
2.921927
2.923154
2.924381
2.925608
2.926835
2.928063
2.929290
2.930517
2.931744
2.932971
2.934198
2.935426
2.936653
2.937880
2.939107
2.940334
2.941562
2.942789
2.944016
2.945243
2.946470
2.947697
2.948925
2.950152
2.951379
2.952606
2.953833
2.955061
2.956288
2.957515
2.958742
2.959969
2.961197
2.962424
2.963651
2.964878
2.966105
2.967332
2.968560
2.969787
2.971014
2.972241
2.973468
2.974696
2.975923
2.977150
2.978377
2.979604
2.980831
2.982059
2.983286
2.984513
2.985740
2.986967
2.988195
2.989422
2.990649
2.991876
2.993103
2.994330
2.995558
2.996785
2.998012
2.999239
3.000466
3.001694
3.002921
3.004148
3.005375
3.006602
3.007830
3.009057
3.010284
3.011511
3.012738
3.013965
3.015193
3.016420
3.017647
3.018874
3.020101
3.021329
3.022556
3.023783
3.025010
3.026237
3.027464
3.028692
3.029919
3.031146
3.032373
3.033600
3.034828
3.036055
3.037282
3.038509
3.039736
3.040964
3.042191
3.043418
3.044645
3.045872
3.047099
3.048327
3.049554
3.050781
3.052008
3.053235
3.054463
3.055690
3.056917
3.058144
3.059371
3.060598
3.061826
3.063053
3.064280
3.065507
3.066734
3.067962
3.069189
3.070416
3.071643
3.072870
3.074097
3.075325
3.076552
3.077779
3.079006
3.080233
3.081461
3.082688
3.083915
3.085142
3.086369
3.087597
3.088824
3.090051
3.091278
3.092505
3.093732
3.094960
3.096187
3.097414
3.098641
3.099868
3.101096
3.102323
3.103550
3.104777
3.106004
3.107231
3.108459
3.109686
3.110913
3.112140
3.113367
3.114595
3.115822
3.117049
3.118276
3.119503
3.120731
3.121958
3.123185
3.124412
3.125639
3.126866
3.128094
3.129321
3.130548
3.131775
3.133002
3.134230
3.135457
3.136684
3.137911
3.139138
3.140365
