0.000000
0.004363
0.008727
0.013090
0.017453
0.021817
0.026180
0.030543
0.034907
0.039270
0.043633
0.047997
0.052360
0.056723
0.061087
0.065450
0.069813
0.074176
0.078540
0.082903
0.087266
0.091630
0.095993
0.100356
0.104720
0.109083
0.113446
0.117810
0.122173
0.126536
0.130900
0.135263
0.139626
0.143990
0.148353
0.152716
0.157080
0.161443
0.165806
0.170170
0.174533
0.178896
0.183260
0.187623
0.191986
0.196350
0.200713
0.205076
0.209440
0.213803
0.218166
0.222529
0.226893
0.231256
0.235619
0.239983
0.244346
0.248709
0.253073
0.257436
0.261799
0.266163
0.270526
0.274889
0.279253
0.283616
0.287979
0.292343
0.296706
0.301069
0.305433
0.309796
0.314159
0.318523
0.322886
0.327249
0.331613
0.335976
0.340339
0.344703
0.349066
0.353429
0.357792
0.362156
0.366519
0.370882
0.375246
0.379609
0.383972
0.388336
0.392699
0.397062
0.401426
0.405789
0.410152
0.414516
0.418879
0.423242
0.427606
0.431969
0.436332
0.440696
0.445059
0.449422
0.453786
0.458149
0.462512
0.466876
0.471239
0.475602
0.479966
0.484329
0.488692
0.493056
0.497419
0.501782
0.506145
0.510509
0.514872
0.519235
0.523599
0.527962
0.532325
0.536689
0.541052
0.545415
0.549779
0.554142
0.558505
0.562869
0.567232
0.571595
0.575959
0.580322
0.584685
0.589049
0.593412
0.597775
0.602139
0.606502
0.610865
0.615229
0.619592
0.623955
0.628319
0.632682
0.637045
0.641409
0.645772
0.650135
0.654498
0.658862
0.663225
0.667588
0.671952
0.676315
0.680678
0.685042
0.689405
0.693768
0.698132
0.702495
0.706858
0.711222
0.715585
0.719948
0.724312
0.728675
0.733038
0.737402
0.741765
0.746128
0.750492
0.754855
0.759218
0.763582
0.767945
0.772308
0.776672
0.781035
0.785398
0.789761
0.794125
0.798488
0.802851
0.807215
0.811578
0.815941
0.820305
0.824668
0.829031
0.833395
0.837758
0.842121
0.846485
0.850848
0.855211
0.859575
0.863938
0.868301
0.872665
0.877028
0.881391
0.885755
0.890118
0.894481
0.898845
0.903208
0.907571
0.911935
0.916298
0.920661
0.925025
0.929388
0.933751
0.938114
0.942478
0.946841
0.951204
0.955568
0.959931
0.964294
0.968658
0.973021
0.977384
0.981748
0.986111
0.990474
0.994838
0.999201
1.003564
1.007928
1.012291
1.016654
1.021018
1.025381
1.029744
1.034108
1.038471
1.042834
1.047198
1.051561
1.055924
1.060288
1.064651
1.069014
1.073377
1.077741
1.082104
1.086467
1.090831
1.095194
1.099557
1.103921
1.108284
1.112647
1.117011
1.121374
1.125737
1.130101
1.134464
1.138827
1.143191
1.147554
1.151917
1.156281
1.160644
1.165007
1.169371
1.173734
1.178097
1.182461
1.186824
1.191187
1.195551
1.199914
1.204277
1.208641
1.213004
1.217367
1.221730
1.226094
1.230457
1.234820
1.239184
1.243547
1.247910
1.252274
1.256637
1.261000
1.265364
1.269727
1.274090
1.278454
1.282817
1.287180
1.291544
1.295907
1.300270
1.304634
1.308997
1.313360
1.317724
1.322087
1.326450
1.330814
1.335177
1.339540
1.343904
1.348267
1.352630
1.356993
1.361357
1.365720
1.370083
1.374447
1.378810
1.383173
1.387537
1.391900
1.396263
1.400627
1.404990
1.409353
1.413717
1.418080
1.422443
1.426807
1.431170
1.435533
1.439897
1.444260
1.448623
1.452987
1.457350
1.461713
1.466077
1.470440
1.474803
1.479167
1.483530
1.487893
1.492257
1.496620
1.500983
1.505346
1.509710
1.514073
1.518436
1.522800
1.527163
1.531526
1.535890
1.540253
1.544616
1.548980
1.553343
1.557706
1.562070
1.566433
1.570796
1.575160
1.579523
1.583886
1.588250
1.592613
1.596976
1.601340
1.605703
1.610066
1.614430
1.618793
1.623156
1.627520
1.631883
1.636246
1.640609
1.644973
1.649336
1.653699
1.658063
1.662426
1.666789
1.671153
1.675516
1.679879
1.684243
1.688606
1.692969
1.697333
1.701696
1.706059
1.710423
1.714786
1.719149
1.723513
1.727876
1.732239
1.736603
1.740966
1.745329
1.749693
1.754056
1.758419
1.762783
1.767146
1.771509
1.775873
1.780236
1.784599
1.788962
1.793326
1.797689
1.802052
1.806416
1.810779
1.815142
1.819506
1.823869
1.828232
1.832596
1.836959
1.841322
1.845686
1.850049
1.854412
1.858776
1.863139
1.867502
1.871866
1.876229
1.880592
1.884956
1.889319
1.893682
1.898046
1.902409
1.906772
1.911136
1.915499
1.919862
1.924226
1.928589
1.932952
1.937315
1.941679
1.946042
1.950405
1.954769
1.959132
1.963495
1.967859
1.972222
1.976585
1.980949
1.985312
1.989675
1.994039
1.998402
2.002765
2.007129
2.011492
2.015855
2.020219
2.024582
2.028945
2.033309
2.037672
2.042035
2.046399
2.050762
2.055125
2.059489
2.063852
2.068215
2.072578
2.076942
2.081305
2.085668
2.090032
2.094395
2.098758
2.103122
2.107485
2.111848
2.116212
2.120575
2.124938
2.129302
2.133665
2.138028
2.142392
2.146755
2.151118
2.155482
2.159845
2.164208
2.168572
2.172935
2.177298
2.181662
2.186025
2.190388
2.194752
2.199115
2.203478
2.207842
2.212205
2.216568
2.220931
2.225295
2.229658
2.234021
2.238385
2.242748
2.247111
2.251475
2.255838
2.260201
2.264565
2.268928
2.273291
2.277655
2.282018
2.286381
2.290745
2.295108
2.299471
2.303835
2.308198
2.312561
2.316925
2.321288
2.325651
2.330015
2.334378
2.338741
2.343105
2.347468
2.351831
2.356194
2.360558
2.364921
2.369284
2.373648
2.378011
2.382374
2.386738
2.391101
2.395464
2.399828
2.404191
2.408554
2.412918
2.417281
2.421644
2.426008
2.430371
2.434734
2.439098
2.443461
2.447824
2.452188
2.456551
2.460914
2.465278
2.469641
2.474004
2.478368
2.482731
2.487094
2.491458
2.495821
2.500184
2.504547
2.508911
2.513274
2.517637
2.522001
2.526364
2.530727
2.535091
2.539454
2.543817
2.548181
2.552544
2.556907
2.561271
2.565634
2.569997
2.574361
2.578724
2.583087
2.587451
2.591814
2.596177
2.600541
2.604904
2.609267
2.613631
2.617994
2.622357
2.626721
2.631084
2.635447
2.639810
2.644174
2.648537
2.652900
2.657264
2.661627
2.665990
2.670354
2.674717
2.679080
2.683444
2.687807
2.692170
2.696534
2.700897
2.705260
2.709624
2.713987
2.718350
2.722714
2.727077
2.731440
2.735804
2.740167
2.744530
2.748894
2.753257
2.757620
2.761984
2.766347
2.770710
2.775074
2.779437
2.783800
2.788163
2.792527
2.796890
2.801253
2.805617
2.809980
2.814343
2.818707
2.823070
2.827433
2.831797
2.836160
2.840523
2.844887
2.849250
2.853613
2.857977
2.862340
2.866703
2.871067
2.875430
2.879793
2.884157
2.888520
2.892883
2.897247
2.901610
2.905973
2.910337
2.914700
2.919063
2.923426
2.927790
2.932153
2.936516
2.940880
2.945243
2.949606
2.953970
2.958333
2.962696
2.967060
2.971423
2.975786
2.980150
2.984513
2.988876
2.993240
2.997603
3.001966
3.006330
3.010693
3.015056
3.019420
3.023783
3.028146
3.032510
3.036873
3.041236
3.045600
3.049963
3.054326
3.058690
3.063053
3.067416
3.071779
3.076143
3.080506
3.084869
3.089233
3.093596
3.097959
3.102323
3.106686
3.111049
3.115413
3.119776
3.124139
3.128503
3.132866
3.137229
