0.000000
0.000767
0.001534
0.002301
0.003068
0.003835
0.004602
0.005369
0.006136
0.006903
0.007670
0.008437
0.009204
0.009971
0.010738
0.011505
0.012272
0.013039
0.013806
0.014573
0.015340
0.016107
0.016874
0.017641
0.018408
0.019175
0.019942
0.020709
0.021476
0.022243
0.023010
0.023777
0.024544
0.025311
0.026078
0.026845
0.027612
0.028379
0.029146
0.029913
0.030680
0.031447
0.032214
0.032981
0.033748
0.034515
0.035282
0.036049
0.036816
0.037583
0.038350
0.039117
0.039884
0.040650
0.041417
0.042184
0.042951
0.043718
0.044485
0.045252
0.046019
0.046786
0.047553
0.048320
0.049087
0.049854
0.050621
0.051388
0.052155
0.052922
0.053689
0.054456
0.055223
0.055990
0.056757
0.057524
0.058291
0.059058
0.059825
0.060592
0.061359
0.062126
0.062893
0.063660
0.064427
0.065194
0.065961
0.066728
0.067495
0.068262
0.069029
0.069796
0.070563
0.071330
0.072097
0.072864
0.073631
0.074398
0.075165
0.075932
0.076699
0.077466
0.078233
0.079000
0.079767
0.080534
0.081301
0.082068
0.082835
0.083602
0.084369
0.085136
0.085903
0.086670
0.087437
0.088204
0.088971
0.089738
0.090505
0.091272
0.092039
0.092806
0.093573
0.094340
0.095107
0.095874
0.096641
0.097408
0.098175
0.098942
0.099709
0.100476
0.101243
0.102010
0.102777
0.103544
0.104311
0.105078
0.105845
0.106612
0.107379
0.108146
0.108913
0.109680
0.110447
0.111214
0.111981
0.112748
0.113515
0.114282
0.115049
0.115816
0.116583
0.117350
0.118117
0.118884
0.119651
0.120417
0.121184
0.121951
0.122718
0.123485
0.124252
0.125019
0.125786
0.126553
0.127320
0.128087
0.128854
0.129621
0.130388
0.131155
0.131922
0.132689
0.133456
0.134223
0.134990
0.135757
0.136524
0.137291
0.138058
0.138825
0.139592
0.140359
0.141126
0.141893
0.142660
0.143427
0.144194
0.144961
0.145728
0.146495
0.147262
0.148029
0.148796
0.149563
0.150330
0.151097
0.151864
0.152631
0.153398
0.154165
0.154932
0.155699
0.156466
0.157233
0.158000
0.158767
0.159534
0.160301
0.161068
0.161835
0.162602
0.163369
0.164136
0.164903
0.165670
0.166437
0.167204
0.167971
0.168738
0.169505
0.170272
0.171039
0.171806
0.172573
0.173340
0.174107
0.174874
0.175641
0.176408
0.177175
0.177942
0.178709
0.179476
0.180243
0.181010
0.181777
0.182544
0.183311
0.184078
0.184845
0.185612
0.186379
0.187146
0.187913
0.188680
0.189447
0.190214
0.190981
0.191748
0.192515
0.193282
0.194049
0.194816
0.195583
0.196350
0.197117
0.197884
0.198651
0.199418
0.200184
0.200951
0.201718
0.202485
0.203252
0.204019
0.204786
0.205553
0.206320
0.207087
0.207854
0.208621
0.209388
0.210155
0.210922
0.211689
0.212456
0.213223
0.213990
0.214757
0.215524
0.216291
0.217058
0.217825
0.218592
0.219359
0.220126
0.220893
0.221660
0.222427
0.223194
0.223961
0.224728
0.225495
0.226262
0.227029
0.227796
0.228563
0.229330
0.230097
0.230864
0.231631
0.232398
0.233165
0.233932
0.234699
0.235466
0.236233
0.237000
0.237767
0.238534
0.239301
0.240068
0.240835
0.241602
0.242369
0.243136
0.243903
0.244670
0.245437
0.246204
0.246971
0.247738
0.248505
0.249272
0.250039
0.250806
0.251573
0.252340
0.253107
0.253874
0.254641
0.255408
0.256175
0.256942
0.257709
0.258476
0.259243
0.260010
0.260777
0.261544
0.262311
0.263078
0.263845
0.264612
0.265379
0.266146
0.266913
0.267680
0.268447
0.269214
0.269981
0.270748
0.271515
0.272282
0.273049
0.273816
0.274583
0.275350
0.276117
0.276884
0.277651
0.278418
0.279185
0.279951
0.280718
0.281485
0.282252
0.283019
0.283786
0.284553
0.285320
0.286087
0.286854
0.287621
0.288388
0.289155
0.289922
0.290689
0.291456
0.292223
0.292990
0.293757
0.294524
0.295291
0.296058
0.296825
0.297592
0.298359
0.299126
0.299893
0.300660
0.301427
0.302194
0.302961
0.303728
0.304495
0.305262
0.306029
0.306796
0.307563
0.308330
0.309097
0.309864
0.310631
0.311398
0.312165
0.312932
0.313699
0.314466
0.315233
0.316000
0.316767
0.317534
0.318301
0.319068
0.319835
0.320602
0.321369
0.322136
0.322903
0.323670
0.324437
0.325204
0.325971
0.326738
0.327505
0.328272
0.329039
0.329806
0.330573
0.331340
0.332107
0.332874
0.333641
0.334408
0.335175
0.335942
0.336709
0.337476
0.338243
0.339010
0.339777
0.340544
0.341311
0.342078
0.342845
0.343612
0.344379
0.345146
0.345913
0.346680
0.347447
0.348214
0.348981
0.349748
0.350515
0.351282
0.352049
0.352816
0.353583
0.354350
0.355117
0.355884
0.356651
0.357418
0.358185
0.358952
0.359718
0.360485
0.361252
0.362019
0.362786
0.363553
0.364320
0.365087
0.365854
0.366621
0.367388
0.368155
0.368922
0.369689
0.370456
0.371223
0.371990
0.372757
0.373524
0.374291
0.375058
0.375825
0.376592
0.377359
0.378126
0.378893
0.379660
0.380427
0.381194
0.381961
0.382728
0.383495
0.384262
0.385029
0.385796
0.386563
0.387330
0.388097
0.388864
0.389631
0.390398
0.391165
0.391932
0.392699
0.393466
0.394233
0.395000
0.395767
0.396534
0.397301
0.398068
0.398835
0.399602
0.400369
0.401136
0.401903
0.402670
0.403437
0.404204
0.404971
0.405738
0.406505
0.407272
0.408039
0.408806
0.409573
0.410340
0.411107
0.411874
0.412641
0.413408
0.414175
0.414942
0.415709
0.416476
0.417243
0.418010
0.418777
0.419544
0.420311
0.421078
0.421845
0.422612
0.423379
0.424146
0.424913
0.425680
0.426447
0.427214
0.427981
0.428748
0.429515
0.430282
0.431049
0.431816
0.432583
0.433350
0.434117
0.434884
0.435651
0.436418
0.437185
0.437952
0.438719
0.439485
0.440252
0.441019
0.441786
0.442553
0.443320
0.444087
0.444854
0.445621
0.446388
0.447155
0.447922
0.448689
0.449456
0.450223
0.450990
0.451757
0.452524
0.453291
0.454058
0.454825
0.455592
0.456359
0.457126
0.457893
0.458660
0.459427
0.460194
0.460961
0.461728
0.462495
0.463262
0.464029
0.464796
0.465563
0.466330
0.467097
0.467864
0.468631
0.469398
0.470165
0.470932
0.471699
0.472466
0.473233
0.474000
0.474767
0.475534
0.476301
0.477068
0.477835
0.478602
0.479369
0.480136
0.480903
0.481670
0.482437
0.483204
0.483971
0.484738
0.485505
0.486272
0.487039
0.487806
0.488573
0.489340
0.490107
0.490874
0.491641
0.492408
0.493175
0.493942
0.494709
0.495476
0.496243
0.497010
0.497777
0.498544
0.499311
0.500078
0.500845
0.501612
0.502379
0.503146
0.503913
0.504680
0.505447
0.506214
0.506981
0.507748
0.508515
0.509282
0.510049
0.510816
0.511583
0.512350
0.513117
0.513884
0.514651
0.515418
0.516185
0.516952
0.517719
0.518486
0.519252
0.520019
0.520786
0.521553
0.522320
0.523087
0.523854
0.524621
0.525388
0.526155
0.526922
0.527689
0.528456
0.529223
0.529990
0.530757
0.531524
0.532291
0.533058
0.533825
0.534592
0.535359
0.536126
0.536893
0.537660
0.538427
0.539194
0.539961
0.540728
0.541495
0.542262
0.543029
0.543796
0.544563
0.545330
0.546097
0.546864
0.547631
0.548398
0.549165
0.549932
0.550699
0.551466
0.552233
0.553000
0.553767
0.554534
0.555301
0.556068
0.556835
0.557602
0.558369
0.559136
0.559903
0.560670
0.561437
0.562204
0.562971
0.563738
0.564505
0.565272
0.566039
0.566806
0.567573
0.568340
0.569107
0.569874
0.570641
0.571408
0.572175
0.572942
0.573709
0.574476
0.575243
0.576010
0.576777
0.577544
0.578311
0.579078
0.579845
0.580612
0.581379
0.582146
0.582913
0.583680
0.584447
0.585214
0.585981
0.586748
0.587515
0.588282
0.589049
0.589816
0.590583
0.591350
0.592117
0.592884
0.593651
0.594418
0.595185
0.595952
0.596719
0.597486
0.598253
0.599019
0.599786
0.600553
0.601320
0.602087
0.602854
0.603621
0.604388
0.605155
0.605922
0.606689
0.607456
0.608223
0.608990
0.609757
0.610524
0.611291
0.612058
0.612825
0.613592
0.614359
0.615126
0.615893
0.616660
0.617427
0.618194
0.618961
0.619728
0.620495
0.621262
0.622029
0.622796
0.623563
0.624330
0.625097
0.625864
0.626631
0.627398
0.628165
0.628932
0.629699
0.630466
0.631233
0.632000
0.632767
0.633534
0.634301
0.635068
0.635835
0.636602
0.637369
0.638136
0.638903
0.639670
0.640437
0.641204
0.641971
0.642738
0.643505
0.644272
0.645039
0.645806
0.646573
0.647340
0.648107
0.648874
0.649641
0.650408
0.651175
0.651942
0.652709
0.653476
0.654243
0.655010
0.655777
0.656544
0.657311
0.658078
0.658845
0.659612
0.660379
0.661146
0.661913
0.662680
0.663447
0.664214
0.664981
0.665748
0.666515
0.667282
0.668049
0.668816
0.669583
0.670350
0.671117
0.671884
0.672651
0.673418
0.674185
0.674952
0.675719
0.676486
0.677253
0.678020
0.678786
0.679553
0.680320
0.681087
0.681854
0.682621
0.683388
0.684155
0.684922
0.685689
0.686456
0.687223
0.687990
0.688757
0.689524
0.690291
0.691058
0.691825
0.692592
0.693359
0.694126
0.694893
0.695660
0.696427
0.697194
0.697961
0.698728
0.699495
0.700262
0.701029
0.701796
0.702563
0.703330
0.704097
0.704864
0.705631
0.706398
0.707165
0.707932
0.708699
0.709466
0.710233
0.711000
0.711767
0.712534
0.713301
0.714068
0.714835
0.715602
0.716369
0.717136
0.717903
0.718670
0.719437
0.720204
0.720971
0.721738
0.722505
0.723272
0.724039
0.724806
0.725573
0.726340
0.727107
0.727874
0.728641
0.729408
0.730175
0.730942
0.731709
0.732476
0.733243
0.734010
0.734777
0.735544
0.736311
0.737078
0.737845
0.738612
0.739379
0.740146
0.740913
0.741680
0.742447
0.743214
0.743981
0.744748
0.745515
0.746282
0.747049
0.747816
0.748583
0.749350
0.750117
0.750884
0.751651
0.752418
0.753185
0.753952
0.754719
0.755486
0.756253
0.757020
0.757787
0.758553
0.759320
0.760087
0.760854
0.761621
0.762388
0.763155
0.763922
0.764689
0.765456
0.766223
0.766990
0.767757
0.768524
0.769291
0.770058
0.770825
0.771592
0.772359
0.773126
0.773893
0.774660
0.775427
0.776194
0.776961
0.777728
0.778495
0.779262
0.780029
0.780796
0.781563
0.782330
0.783097
0.783864
0.784631
0.785398
0.786165
0.786932
0.787699
0.788466
0.789233
0.790000
0.790767
0.791534
0.792301
0.793068
0.793835
0.794602
0.795369
0.796136
0.796903
0.797670
0.798437
0.799204
0.799971
0.800738
0.801505
0.802272
0.803039
0.803806
0.804573
0.805340
0.806107
0.806874
0.807641
0.808408
0.809175
0.809942
0.810709
0.811476
0.812243
0.813010
0.813777
0.814544
0.815311
0.816078
0.816845
0.817612
0.818379
0.819146
0.819913
0.820680
0.821447
0.822214
0.822981
0.823748
0.824515
0.825282
0.826049
0.826816
0.827583
0.828350
0.829117
0.829884
0.830651
0.831418
0.832185
0.832952
0.833719
0.834486
0.835253
0.836020
0.836787
0.837554
0.838321
0.839087
0.839854
0.840621
0.841388
0.842155
0.842922
0.843689
0.844456
0.845223
0.845990
0.846757
0.847524
0.848291
0.849058
0.849825
0.850592
0.851359
0.852126
0.852893
0.853660
0.854427
0.855194
0.855961
0.856728
0.857495
0.858262
0.859029
0.859796
0.860563
0.861330
0.862097
0.862864
0.863631
0.864398
0.865165
0.865932
0.866699
0.867466
0.868233
0.869000
0.869767
0.870534
0.871301
0.872068
0.872835
0.873602
0.874369
0.875136
0.875903
0.876670
0.877437
0.878204
0.878971
0.879738
0.880505
0.881272
0.882039
0.882806
0.883573
0.884340
0.885107
0.885874
0.886641
0.887408
0.888175
0.888942
0.889709
0.890476
0.891243
0.892010
0.892777
0.893544
0.894311
0.895078
0.895845
0.896612
0.897379
0.898146
0.898913
0.899680
0.900447
0.901214
0.901981
0.902748
0.903515
0.904282
0.905049
0.905816
0.906583
0.907350
0.908117
0.908884
0.909651
0.910418
0.911185
0.911952
0.912719
0.913486
0.914253
0.915020
0.915787
0.916554
0.917321
0.918088
0.918854
0.919621
0.920388
0.921155
0.921922
0.922689
0.923456
0.924223
0.924990
0.925757
0.926524
0.927291
0.928058
0.928825
0.929592
0.930359
0.931126
0.931893
0.932660
0.933427
0.934194
0.934961
0.935728
0.936495
0.937262
0.938029
0.938796
0.939563
0.940330
0.941097
0.941864
0.942631
0.943398
0.944165
0.944932
0.945699
0.946466
0.947233
0.948000
0.948767
0.949534
0.950301
0.951068
0.951835
0.952602
0.953369
0.954136
0.954903
0.955670
0.956437
0.957204
0.957971
0.958738
0.959505
0.960272
0.961039
0.961806
0.962573
0.963340
0.964107
0.964874
0.965641
0.966408
0.967175
0.967942
0.968709
0.969476
0.970243
0.971010
0.971777
0.972544
0.973311
0.974078
0.974845
0.975612
0.976379
0.977146
0.977913
0.978680
0.979447
0.980214
0.980981
0.981748
0.982515
0.983282
0.984049
0.984816
0.985583
0.986350
0.987117
0.987884
0.988651
0.989418
0.990185
0.990952
0.991719
0.992486
0.993253
0.994020
0.994787
0.995554
0.996321
0.997088
0.997855
0.998621
0.999388
1.000155
1.000922
1.001689
1.002456
1.003223
1.003990
1.004757
1.005524
1.006291
1.007058
1.007825
1.008592
1.009359
1.010126
1.010893
1.011660
1.012427
1.013194
1.013961
1.014728
1.015495
1.016262
1.017029
1.017796
1.018563
1.019330
1.020097
1.020864
1.021631
1.022398
1.023165
1.023932
1.024699
1.025466
1.026233
1.027000
1.027767
1.028534
1.029301
1.030068
1.030835
1.031602
1.032369
1.033136
1.033903
1.034670
1.035437
1.036204
1.036971
1.037738
1.038505
1.039272
1.040039
1.040806
1.041573
1.042340
1.043107
1.043874
1.044641
1.045408
1.046175
1.046942
1.047709
1.048476
1.049243
1.050010
1.050777
1.051544
1.052311
1.053078
1.053845
1.054612
1.055379
1.056146
1.056913
1.057680
1.058447
1.059214
1.059981
1.060748
1.061515
1.062282
1.063049
1.063816
1.064583
1.065350
1.066117
1.066884
1.067651
1.068418
1.069185
1.069952
1.070719
1.071486
1.072253
1.073020
1.073787
1.074554
1.075321
1.076088
1.076855
1.077622
1.078388
1.079155
1.079922
1.080689
1.081456
1.082223
1.082990
1.083757
1.084524
1.085291
1.086058
1.086825
1.087592
1.088359
1.089126
1.089893
1.090660
1.091427
1.092194
1.092961
1.093728
1.094495
1.095262
1.096029
1.096796
1.097563
1.098330
1.099097
1.099864
1.100631
1.101398
1.102165
1.102932
1.103699
1.104466
1.105233
1.106000
1.106767
1.107534
1.108301
1.109068
1.109835
1.110602
1.111369
1.112136
1.112903
1.113670
1.114437
1.115204
1.115971
1.116738
1.117505
1.118272
1.119039
1.119806
1.120573
1.121340
1.122107
1.122874
1.123641
1.124408
1.125175
1.125942
1.126709
1.127476
1.128243
1.129010
1.129777
1.130544
1.131311
1.132078
1.132845
1.133612
1.134379
1.135146
1.135913
1.136680
1.137447
1.138214
1.138981
1.139748
1.140515
1.141282
1.142049
1.142816
1.143583
1.144350
1.145117
1.145884
1.146651
1.147418
1.148185
1.148952
1.149719
1.150486
1.151253
1.152020
1.152787
1.153554
1.154321
1.155088
1.155855
1.156622
1.157389
1.158155
1.158922
1.159689
1.160456
1.161223
1.161990
1.162757
1.163524
1.164291
1.165058
1.165825
1.166592
1.167359
1.168126
1.168893
1.169660
1.170427
1.171194
1.171961
1.172728
1.173495
1.174262
1.175029
1.175796
1.176563
1.177330
1.178097
1.178864
1.179631
1.180398
1.181165
1.181932
1.182699
1.183466
1.184233
1.185000
1.185767
1.186534
1.187301
1.188068
1.188835
1.189602
1.190369
1.191136
1.191903
1.192670
1.193437
1.194204
1.194971
1.195738
1.196505
1.197272
1.198039
1.198806
1.199573
1.200340
1.201107
1.201874
1.202641
1.203408
1.204175
1.204942
1.205709
1.206476
1.207243
1.208010
1.208777
1.209544
1.210311
1.211078
1.211845
1.212612
1.213379
1.214146
1.214913
1.215680
1.216447
1.217214
1.217981
1.218748
1.219515
1.220282
1.221049
1.221816
1.222583
1.223350
1.224117
1.224884
1.225651
1.226418
1.227185
1.227952
1.228719
1.229486
1.230253
1.231020
1.231787
1.232554
1.233321
1.234088
1.234855
1.235622
1.236389
1.237156
1.237922
1.238689
1.239456
1.240223
1.240990
1.241757
1.242524
1.243291
1.244058
1.244825
1.245592
1.246359
1.247126
1.247893
1.248660
1.249427
1.250194
1.250961
1.251728
1.252495
1.253262
1.254029
1.254796
1.255563
1.256330
1.257097
1.257864
1.258631
1.259398
1.260165
1.260932
1.261699
1.262466
1.263233
1.264000
1.264767
1.265534
1.266301
1.267068
1.267835
1.268602
1.269369
1.270136
1.270903
1.271670
1.272437
1.273204
1.273971
1.274738
1.275505
1.276272
1.277039
1.277806
1.278573
1.279340
1.280107
1.280874
1.281641
1.282408
1.283175
1.283942
1.284709
1.285476
1.286243
1.287010
1.287777
1.288544
1.289311
1.290078
1.290845
1.291612
1.292379
1.293146
1.293913
1.294680
1.295447
1.296214
1.296981
1.297748
1.298515
1.299282
1.300049
1.300816
1.301583
1.302350
1.303117
1.303884
1.304651
1.305418
1.306185
1.306952
1.307719
1.308486
1.309253
1.310020
1.310787
1.311554
1.312321
1.313088
1.313855
1.314622
1.315389
1.316156
1.316923
1.317689
1.318456
1.319223
1.319990
1.320757
1.321524
1.322291
1.323058
1.323825
1.324592
1.325359
1.326126
1.326893
1.327660
1.328427
1.329194
1.329961
1.330728
1.331495
1.332262
1.333029
1.333796
1.334563
1.335330
1.336097
1.336864
1.337631
1.338398
1.339165
1.339932
1.340699
1.341466
1.342233
1.343000
1.343767
1.344534
1.345301
1.346068
1.346835
1.347602
1.348369
1.349136
1.349903
1.350670
1.351437
1.352204
1.352971
1.353738
1.354505
1.355272
1.356039
1.356806
1.357573
1.358340
1.359107
1.359874
1.360641
1.361408
1.362175
1.362942
1.363709
1.364476
1.365243
1.366010
1.366777
1.367544
1.368311
1.369078
1.369845
1.370612
1.371379
1.372146
1.372913
1.373680
1.374447
1.375214
1.375981
1.376748
1.377515
1.378282
1.379049
1.379816
1.380583
1.381350
1.382117
1.382884
1.383651
1.384418
1.385185
1.385952
1.386719
1.387486
1.388253
1.389020
1.389787
1.390554
1.391321
1.392088
1.392855
1.393622
1.394389
1.395156
1.395923
1.396690
1.397456
1.398223
1.398990
1.399757
1.400524
1.401291
1.402058
1.402825
1.403592
1.404359
1.405126
1.405893
1.406660
1.407427
1.408194
1.408961
1.409728
1.410495
1.411262
1.412029
1.412796
1.413563
1.414330
1.415097
1.415864
1.416631
1.417398
1.418165
1.418932
1.419699
1.420466
1.421233
1.422000
1.422767
1.423534
1.424301
1.425068
1.425835
1.426602
1.427369
1.428136
1.428903
1.429670
1.430437
1.431204
1.431971
1.432738
1.433505
1.434272
1.435039
1.435806
1.436573
1.437340
1.438107
1.438874
1.439641
1.440408
1.441175
1.441942
1.442709
1.443476
1.444243
1.445010
1.445777
1.446544
1.447311
1.448078
1.448845
1.449612
1.450379
1.451146
1.451913
1.452680
1.453447
1.454214
1.454981
1.455748
1.456515
1.457282
1.458049
1.458816
1.459583
1.460350
1.461117
1.461884
1.462651
1.463418
1.464185
1.464952
1.465719
1.466486
1.467253
1.468020
1.468787
1.469554
1.470321
1.471088
1.471855
1.472622
1.473389
1.474156
1.474923
1.475690
1.476457
1.477223
1.477990
1.478757
1.479524
1.480291
1.481058
1.481825
1.482592
1.483359
1.484126
1.484893
1.485660
1.486427
1.487194
1.487961
1.488728
1.489495
1.490262
1.491029
1.491796
1.492563
1.493330
1.494097
1.494864
1.495631
1.496398
1.497165
1.497932
1.498699
1.499466
1.500233
1.501000
1.501767
1.502534
1.503301
1.504068
1.504835
1.505602
1.506369
1.507136
1.507903
1.508670
1.509437
1.510204
1.510971
1.511738
1.512505
1.513272
1.514039
1.514806
1.515573
1.516340
1.517107
1.517874
1.518641
1.519408
1.520175
1.520942
1.521709
1.522476
1.523243
1.524010
1.524777
1.525544
1.526311
1.527078
1.527845
1.528612
1.529379
1.530146
1.530913
1.531680
1.532447
1.533214
1.533981
1.534748
1.535515
1.536282
1.537049
1.537816
1.538583
1.539350
1.540117
1.540884
1.541651
1.542418
1.543185
1.543952
1.544719
1.545486
1.546253
1.547020
1.547787
1.548554
1.549321
1.550088
1.550855
1.551622
1.552389
1.553156
1.553923
1.554690
1.555457
1.556224
1.556990
1.557757
1.558524
1.559291
1.560058
1.560825
1.561592
1.562359
1.563126
1.563893
1.564660
1.565427
1.566194
1.566961
1.567728
1.568495
1.569262
1.570029
1.570796
1.571563
1.572330
1.573097
1.573864
1.574631
1.575398
1.576165
1.576932
1.577699
1.578466
1.579233
1.580000
1.580767
1.581534
1.582301
1.583068
1.583835
1.584602
1.585369
1.586136
1.586903
1.587670
1.588437
1.589204
1.589971
1.590738
1.591505
1.592272
1.593039
1.593806
1.594573
1.595340
1.596107
1.596874
1.597641
1.598408
1.599175
1.599942
1.600709
1.601476
1.602243
1.603010
1.603777
1.604544
1.605311
1.606078
1.606845
1.607612
1.608379
1.609146
1.609913
1.610680
1.611447
1.612214
1.612981
1.613748
1.614515
1.615282
1.616049
1.616816
1.617583
1.618350
1.619117
1.619884
1.620651
1.621418
1.622185
1.622952
1.623719
1.624486
1.625253
1.626020
1.626787
1.627554
1.628321
1.629088
1.629855
1.630622
1.631389
1.632156
1.632923
1.633690
1.634457
1.635224
1.635991
1.636758
1.637524
1.638291
1.639058
1.639825
1.640592
1.641359
1.642126
1.642893
1.643660
1.644427
1.645194
1.645961
1.646728
1.647495
1.648262
1.649029
1.649796
1.650563
1.651330
1.652097
1.652864
1.653631
1.654398
1.655165
1.655932
1.656699
1.657466
1.658233
1.659000
1.659767
1.660534
1.661301
1.662068
1.662835
1.663602
1.664369
1.665136
1.665903
1.666670
1.667437
1.668204
1.668971
1.669738
1.670505
1.671272
1.672039
1.672806
1.673573
1.674340
1.675107
1.675874
1.676641
1.677408
1.678175
1.678942
1.679709
1.680476
1.681243
1.682010
1.682777
1.683544
1.684311
1.685078
1.685845
1.686612
1.687379
1.688146
1.688913
1.689680
1.690447
1.691214
1.691981
1.692748
1.693515
1.694282
1.695049
1.695816
1.696583
1.697350
1.698117
1.698884
1.699651
1.700418
1.701185
1.701952
1.702719
1.703486
1.704253
1.705020
1.705787
1.706554
1.707321
1.708088
1.708855
1.709622
1.710389
1.711156
1.711923
1.712690
1.713457
1.714224
1.714991
1.715758
1.716525
1.717291
1.718058
1.718825
1.719592
1.720359
1.721126
1.721893
1.722660
1.723427
1.724194
1.724961
1.725728
1.726495
1.727262
1.728029
1.728796
1.729563
1.730330
1.731097
1.731864
1.732631
1.733398
1.734165
1.734932
1.735699
1.736466
1.737233
1.738000
1.738767
1.739534
1.740301
1.741068
1.741835
1.742602
1.743369
1.744136
1.744903
1.745670
1.746437
1.747204
1.747971
1.748738
1.749505
1.750272
1.751039
1.751806
1.752573
1.753340
1.754107
1.754874
1.755641
1.756408
1.757175
1.757942
1.758709
1.759476
1.760243
1.761010
1.761777
1.762544
1.763311
1.764078
1.764845
1.765612
1.766379
1.767146
1.767913
1.768680
1.769447
1.770214
1.770981
1.771748
1.772515
1.773282
1.774049
1.774816
1.775583
1.776350
1.777117
1.777884
1.778651
1.779418
1.780185
1.780952
1.781719
1.782486
1.783253
1.784020
1.784787
1.785554
1.786321
1.787088
1.787855
1.788622
1.789389
1.790156
1.790923
1.791690
1.792457
1.793224
1.793991
1.794758
1.795525
1.796292
1.797058
1.797825
1.798592
1.799359
1.800126
1.800893
1.801660
1.802427
1.803194
1.803961
1.804728
1.805495
1.806262
1.807029
1.807796
1.808563
1.809330
1.810097
1.810864
1.811631
1.812398
1.813165
1.813932
1.814699
1.815466
1.816233
1.817000
1.817767
1.818534
1.819301
1.820068
1.820835
1.821602
1.822369
1.823136
1.823903
1.824670
1.825437
1.826204
1.826971
1.827738
1.828505
1.829272
1.830039
1.830806
1.831573
1.832340
1.833107
1.833874
1.834641
1.835408
1.836175
1.836942
1.837709
1.838476
1.839243
1.840010
1.840777
1.841544
1.842311
1.843078
1.843845
1.844612
1.845379
1.846146
1.846913
1.847680
1.848447
1.849214
1.849981
1.850748
1.851515
1.852282
1.853049
1.853816
1.854583
1.855350
1.856117
1.856884
1.857651
1.858418
1.859185
1.859952
1.860719
1.861486
1.862253
1.863020
1.863787
1.864554
1.865321
1.866088
1.866855
1.867622
1.868389
1.869156
1.869923
1.870690
1.871457
1.872224
1.872991
1.873758
1.874525
1.875292
1.876059
1.876825
1.877592
1.878359
1.879126
1.879893
1.880660
1.881427
1.882194
1.882961
1.883728
1.884495
1.885262
1.886029
1.886796
1.887563
1.888330
1.889097
1.889864
1.890631
1.891398
1.892165
1.892932
1.893699
1.894466
1.895233
1.896000
1.896767
1.897534
1.898301
1.899068
1.899835
1.900602
1.901369
1.902136
1.902903
1.903670
1.904437
1.905204
1.905971
1.906738
1.907505
1.908272
1.909039
1.909806
1.910573
1.911340
1.912107
1.912874
1.913641
1.914408
1.915175
1.915942
1.916709
1.917476
1.918243
1.919010
1.919777
1.920544
1.921311
1.922078
1.922845
1.923612
1.924379
1.925146
1.925913
1.926680
1.927447
1.928214
1.928981
1.929748
1.930515
1.931282
1.932049
1.932816
1.933583
1.934350
1.935117
1.935884
1.936651
1.937418
1.938185
1.938952
1.939719
1.940486
1.941253
1.942020
1.942787
1.943554
1.944321
1.945088
1.945855
1.946622
1.947389
1.948156
1.948923
1.949690
1.950457
1.951224
1.951991
1.952758
1.953525
1.954292
1.955059
1.955826
1.956592
1.957359
1.958126
1.958893
1.959660
1.960427
1.961194
1.961961
1.962728
1.963495
1.964262
1.965029
1.965796
1.966563
1.967330
1.968097
1.968864
1.969631
1.970398
1.971165
1.971932
1.972699
1.973466
1.974233
1.975000
1.975767
1.976534
1.977301
1.978068
1.978835
1.979602
1.980369
1.981136
1.981903
1.982670
1.983437
1.984204
1.984971
1.985738
1.986505
1.987272
1.988039
1.988806
1.989573
1.990340
1.991107
1.991874
1.992641
1.993408
1.994175
1.994942
1.995709
1.996476
1.997243
1.998010
1.998777
1.999544
2.000311
2.001078
2.001845
2.002612
2.003379
2.004146
2.004913
2.005680
2.006447
2.007214
2.007981
2.008748
2.009515
2.010282
2.011049
2.011816
2.012583
2.013350
2.014117
2.014884
2.015651
2.016418
2.017185
2.017952
2.018719
2.019486
2.020253
2.021020
2.021787
2.022554
2.023321
2.024088
2.024855
2.025622
2.026389
2.027156
2.027923
2.028690
2.029457
2.030224
2.030991
2.031758
2.032525
2.033292
2.034059
2.034826
2.035593
2.036359
2.037126
2.037893
2.038660
2.039427
2.040194
2.040961
2.041728
2.042495
2.043262
2.044029
2.044796
2.045563
2.046330
2.047097
2.047864
2.048631
2.049398
2.050165
2.050932
2.051699
2.052466
2.053233
2.054000
2.054767
2.055534
2.056301
2.057068
2.057835
2.058602
2.059369
2.060136
2.060903
2.061670
2.062437
2.063204
2.063971
2.064738
2.065505
2.066272
2.067039
2.067806
2.068573
2.069340
2.070107
2.070874
2.071641
2.072408
2.073175
2.073942
2.074709
2.075476
2.076243
2.077010
2.077777
2.078544
2.079311
2.080078
2.080845
2.081612
2.082379
2.083146
2.083913
2.084680
2.085447
2.086214
2.086981
2.087748
2.088515
2.089282
2.090049
2.090816
2.091583
2.092350
2.093117
2.093884
2.094651
2.095418
2.096185
2.096952
2.097719
2.098486
2.099253
2.100020
2.100787
2.101554
2.102321
2.103088
2.103855
2.104622
2.105389
2.106156
2.106923
2.107690
2.108457
2.109224
2.109991
2.110758
2.111525
2.112292
2.113059
2.113826
2.114593
2.115360
2.116126
2.116893
2.117660
2.118427
2.119194
2.119961
2.120728
2.121495
2.122262
2.123029
2.123796
2.124563
2.125330
2.126097
2.126864
2.127631
2.128398
2.129165
2.129932
2.130699
2.131466
2.132233
2.133000
2.133767
2.134534
2.135301
2.136068
2.136835
2.137602
2.138369
2.139136
2.139903
2.140670
2.141437
2.142204
2.142971
2.143738
2.144505
2.145272
2.146039
2.146806
2.147573
2.148340
2.149107
2.149874
2.150641
2.151408
2.152175
2.152942
2.153709
2.154476
2.155243
2.156010
2.156777
2.157544
2.158311
2.159078
2.159845
2.160612
2.161379
2.162146
2.162913
2.163680
2.164447
2.165214
2.165981
2.166748
2.167515
2.168282
2.169049
2.169816
2.170583
2.171350
2.172117
2.172884
2.173651
2.174418
2.175185
2.175952
2.176719
2.177486
2.178253
2.179020
2.179787
2.180554
2.181321
2.182088
2.182855
2.183622
2.184389
2.185156
2.185923
2.186690
2.187457
2.188224
2.188991
2.189758
2.190525
2.191292
2.192059
2.192826
2.193593
2.194360
2.195127
2.195893
2.196660
2.197427
2.198194
2.198961
2.199728
2.200495
2.201262
2.202029
2.202796
2.203563
2.204330
2.205097
2.205864
2.206631
2.207398
2.208165
2.208932
2.209699
2.210466
2.211233
2.212000
2.212767
2.213534
2.214301
2.215068
2.215835
2.216602
2.217369
2.218136
2.218903
2.219670
2.220437
2.221204
2.221971
2.222738
2.223505
2.224272
2.225039
2.225806
2.226573
2.227340
2.228107
2.228874
2.229641
2.230408
2.231175
2.231942
2.232709
2.233476
2.234243
2.235010
2.235777
2.236544
2.237311
2.238078
2.238845
2.239612
2.240379
2.241146
2.241913
2.242680
2.243447
2.244214
2.244981
2.245748
2.246515
2.247282
2.248049
2.248816
2.249583
2.250350
2.251117
2.251884
2.252651
2.253418
2.254185
2.254952
2.255719
2.256486
2.257253
2.258020
2.258787
2.259554
2.260321
2.261088
2.261855
2.262622
2.263389
2.264156
2.264923
2.265690
2.266457
2.267224
2.267991
2.268758
2.269525
2.270292
2.271059
2.271826
2.272593
2.273360
2.274127
2.274894
2.275660
2.276427
2.277194
2.277961
2.278728
2.279495
2.280262
2.281029
2.281796
2.282563
2.283330
2.284097
2.284864
2.285631
2.286398
2.287165
2.287932
2.288699
2.289466
2.290233
2.291000
2.291767
2.292534
2.293301
2.294068
2.294835
2.295602
2.296369
2.297136
2.297903
2.298670
2.299437
2.300204
2.300971
2.301738
2.302505
2.303272
2.304039
2.304806
2.305573
2.306340
2.307107
2.307874
2.308641
2.309408
2.310175
2.310942
2.311709
2.312476
2.313243
2.314010
2.314777
2.315544
2.316311
2.317078
2.317845
2.318612
2.319379
2.320146
2.320913
2.321680
2.322447
2.323214
2.323981
2.324748
2.325515
2.326282
2.327049
2.327816
2.328583
2.329350
2.330117
2.330884
2.331651
2.332418
2.333185
2.333952
2.334719
2.335486
2.336253
2.337020
2.337787
2.338554
2.339321
2.340088
2.340855
2.341622
2.342389
2.343156
2.343923
2.344690
2.345457
2.346224
2.346991
2.347758
2.348525
2.349292
2.350059
2.350826
2.351593
2.352360
2.353127
2.353894
2.354661
2.355427
2.356194
2.356961
2.357728
2.358495
2.359262
2.360029
2.360796
2.361563
2.362330
2.363097
2.363864
2.364631
2.365398
2.366165
2.366932
2.367699
2.368466
2.369233
2.370000
2.370767
2.371534
2.372301
2.373068
2.373835
2.374602
2.375369
2.376136
2.376903
2.377670
2.378437
2.379204
2.379971
2.380738
2.381505
2.382272
2.383039
2.383806
2.384573
2.385340
2.386107
2.386874
2.387641
2.388408
2.389175
2.389942
2.390709
2.391476
2.392243
2.393010
2.393777
2.394544
2.395311
2.396078
2.396845
2.397612
2.398379
2.399146
2.399913
2.400680
2.401447
2.402214
2.402981
2.403748
2.404515
2.405282
2.406049
2.406816
2.407583
2.408350
2.409117
2.409884
2.410651
2.411418
2.412185
2.412952
2.413719
2.414486
2.415253
2.416020
2.416787
2.417554
2.418321
2.419088
2.419855
2.420622
2.421389
2.422156
2.422923
2.423690
2.424457
2.425224
2.425991
2.426758
2.427525
2.428292
2.429059
2.429826
2.430593
2.431360
2.432127
2.432894
2.433661
2.434428
2.435195
2.435961
2.436728
2.437495
2.438262
2.439029
2.439796
2.440563
2.441330
2.442097
2.442864
2.443631
2.444398
2.445165
2.445932
2.446699
2.447466
2.448233
2.449000
2.449767
2.450534
2.451301
2.452068
2.452835
2.453602
2.454369
2.455136
2.455903
2.456670
2.457437
2.458204
2.458971
2.459738
2.460505
2.461272
2.462039
2.462806
2.463573
2.464340
2.465107
2.465874
2.466641
2.467408
2.468175
2.468942
2.469709
2.470476
2.471243
2.472010
2.472777
2.473544
2.474311
2.475078
2.475845
2.476612
2.477379
2.478146
2.478913
2.479680
2.480447
2.481214
2.481981
2.482748
2.483515
2.484282
2.485049
2.485816
2.486583
2.487350
2.488117
2.488884
2.489651
2.490418
2.491185
2.491952
2.492719
2.493486
2.494253
2.495020
2.495787
2.496554
2.497321
2.498088
2.498855
2.499622
2.500389
2.501156
2.501923
2.502690
2.503457
2.504224
2.504991
2.505758
2.506525
2.507292
2.508059
2.508826
2.509593
2.510360
2.511127
2.511894
2.512661
2.513428
2.514195
2.514962
2.515728
2.516495
2.517262
2.518029
2.518796
2.519563
2.520330
2.521097
2.521864
2.522631
2.523398
2.524165
2.524932
2.525699
2.526466
2.527233
2.528000
2.528767
2.529534
2.530301
2.531068
2.531835
2.532602
2.533369
2.534136
2.534903
2.535670
2.536437
2.537204
2.537971
2.538738
2.539505
2.540272
2.541039
2.541806
2.542573
2.543340
2.544107
2.544874
2.545641
2.546408
2.547175
2.547942
2.548709
2.549476
2.550243
2.551010
2.551777
2.552544
2.553311
2.554078
2.554845
2.555612
2.556379
2.557146
2.557913
2.558680
2.559447
2.560214
2.560981
2.561748
2.562515
2.563282
2.564049
2.564816
2.565583
2.566350
2.567117
2.567884
2.568651
2.569418
2.570185
2.570952
2.571719
2.572486
2.573253
2.574020
2.574787
2.575554
2.576321
2.577088
2.577855
2.578622
2.579389
2.580156
2.580923
2.581690
2.582457
2.583224
2.583991
2.584758
2.585525
2.586292
2.587059
2.587826
2.588593
2.589360
2.590127
2.590894
2.591661
2.592428
2.593195
2.593962
2.594729
2.595495
2.596262
2.597029
2.597796
2.598563
2.599330
2.600097
2.600864
2.601631
2.602398
2.603165
2.603932
2.604699
2.605466
2.606233
2.607000
2.607767
2.608534
2.609301
2.610068
2.610835
2.611602
2.612369
2.613136
2.613903
2.614670
2.615437
2.616204
2.616971
2.617738
2.618505
2.619272
2.620039
2.620806
2.621573
2.622340
2.623107
2.623874
2.624641
2.625408
2.626175
2.626942
2.627709
2.628476
2.629243
2.630010
2.630777
2.631544
2.632311
2.633078
2.633845
2.634612
2.635379
2.636146
2.636913
2.637680
2.638447
2.639214
2.639981
2.640748
2.641515
2.642282
2.643049
2.643816
2.644583
2.645350
2.646117
2.646884
2.647651
2.648418
2.649185
2.649952
2.650719
2.651486
2.652253
2.653020
2.653787
2.654554
2.655321
2.656088
2.656855
2.657622
2.658389
2.659156
2.659923
2.660690
2.661457
2.662224
2.662991
2.663758
2.664525
2.665292
2.666059
2.666826
2.667593
2.668360
2.669127
2.669894
2.670661
2.671428
2.672195
2.672962
2.673729
2.674496
2.675262
2.676029
2.676796
2.677563
2.678330
2.679097
2.679864
2.680631
2.681398
2.682165
2.682932
2.683699
2.684466
2.685233
2.686000
2.686767
2.687534
2.688301
2.689068
2.689835
2.690602
2.691369
2.692136
2.692903
2.693670
2.694437
2.695204
2.695971
2.696738
2.697505
2.698272
2.699039
2.699806
2.700573
2.701340
2.702107
2.702874
2.703641
2.704408
2.705175
2.705942
2.706709
2.707476
2.708243
2.709010
2.709777
2.710544
2.711311
2.712078
2.712845
2.713612
2.714379
2.715146
2.715913
2.716680
2.717447
2.718214
2.718981
2.719748
2.720515
2.721282
2.722049
2.722816
2.723583
2.724350
2.725117
2.725884
2.726651
2.727418
2.728185
2.728952
2.729719
2.730486
2.731253
2.732020
2.732787
2.733554
2.734321
2.735088
2.735855
2.736622
2.737389
2.738156
2.738923
2.739690
2.740457
2.741224
2.741991
2.742758
2.743525
2.744292
2.745059
2.745826
2.746593
2.747360
2.748127
2.748894
2.749661
2.750428
2.751195
2.751962
2.752729
2.753496
2.754263
2.755029
2.755796
2.756563
2.757330
2.758097
2.758864
2.759631
2.760398
2.761165
2.761932
2.762699
2.763466
2.764233
2.765000
2.765767
2.766534
2.767301
2.768068
2.768835
2.769602
2.770369
2.771136
2.771903
2.772670
2.773437
2.774204
2.774971
2.775738
2.776505
2.777272
2.778039
2.778806
2.779573
2.780340
2.781107
2.781874
2.782641
2.783408
2.784175
2.784942
2.785709
2.786476
2.787243
2.788010
2.788777
2.789544
2.790311
2.791078
2.791845
2.792612
2.793379
2.794146
2.794913
2.795680
2.796447
2.797214
2.797981
2.798748
2.799515
2.800282
2.801049
2.801816
2.802583
2.803350
2.804117
2.804884
2.805651
2.806418
2.807185
2.807952
2.808719
2.809486
2.810253
2.811020
2.811787
2.812554
2.813321
2.814088
2.814855
2.815622
2.816389
2.817156
2.817923
2.818690
2.819457
2.820224
2.820991
2.821758
2.822525
2.823292
2.824059
2.824826
2.825593
2.826360
2.827127
2.827894
2.828661
2.829428
2.830195
2.830962
2.831729
2.832496
2.833263
2.834030
2.834796
2.835563
2.836330
2.837097
2.837864
2.838631
2.839398
2.840165
2.840932
2.841699
2.842466
2.843233
2.844000
2.844767
2.845534
2.846301
2.847068
2.847835
2.848602
2.849369
2.850136
2.850903
2.851670
2.852437
2.853204
2.853971
2.854738
2.855505
2.856272
2.857039
2.857806
2.858573
2.859340
2.860107
2.860874
2.861641
2.862408
2.863175
2.863942
2.864709
2.865476
2.866243
2.867010
2.867777
2.868544
2.869311
2.870078
2.870845
2.871612
2.872379
2.873146
2.873913
2.874680
2.875447
2.876214
2.876981
2.877748
2.878515
2.879282
2.880049
2.880816
2.881583
2.882350
2.883117
2.883884
2.884651
2.885418
2.886185
2.886952
2.887719
2.888486
2.889253
2.890020
2.890787
2.891554
2.892321
2.893088
2.893855
2.894622
2.895389
2.896156
2.896923
2.897690
2.898457
2.899224
2.899991
2.900758
2.901525
2.902292
2.903059
2.903826
2.904593
2.905360
2.906127
2.906894
2.907661
2.908428
2.909195
2.909962
2.910729
2.911496
2.912263
2.913030
2.913797
2.914563
2.915330
2.916097
2.916864
2.917631
2.918398
2.919165
2.919932
2.920699
2.921466
2.922233
2.923000
2.923767
2.924534
2.925301
2.926068
2.926835
2.927602
2.928369
2.929136
2.929903
2.930670
2.931437
2.932204
2.932971
2.933738
2.934505
2.935272
2.936039
2.936806
2.937573
2.938340
2.939107
2.939874
2.940641
2.941408
2.942175
2.942942
2.943709
2.944476
2.945243
2.946010
2.946777
2.947544
2.948311
2.949078
2.949845
2.950612
2.951379
2.952146
2.952913
2.953680
2.954447
2.955214
2.955981
2.956748
2.957515
2.958282
2.959049
2.959816
2.960583
2.961350
2.962117
2.962884
2.963651
2.964418
2.965185
2.965952
2.966719
2.967486
2.968253
2.969020
2.969787
2.970554
2.971321
2.972088
2.972855
2.973622
2.974389
2.975156
2.975923
2.976690
2.977457
2.978224
2.978991
2.979758
2.980525
2.981292
2.982059
2.982826
2.983593
2.984360
2.985127
2.985894
2.986661
2.987428
2.988195
2.988962
2.989729
2.990496
2.991263
2.992030
2.992797
2.993564
2.994330
2.995097
2.995864
2.996631
2.997398
2.998165
2.998932
2.999699
3.000466
3.001233
3.002000
3.002767
3.003534
3.004301
3.005068
3.005835
3.006602
3.007369
3.008136
3.008903
3.009670
3.010437
3.011204
3.011971
3.012738
3.013505
3.014272
3.015039
3.015806
3.016573
3.017340
3.018107
3.018874
3.019641
3.020408
3.021175
3.021942
3.022709
3.023476
3.024243
3.025010
3.025777
3.026544
3.027311
3.028078
3.028845
3.029612
3.030379
3.031146
3.031913
3.032680
3.033447
3.034214
3.034981
3.035748
3.036515
3.037282
3.038049
3.038816
3.039583
3.040350
3.041117
3.041884
3.042651
3.043418
3.044185
3.044952
3.045719
3.046486
3.047253
3.048020
3.048787
3.049554
3.050321
3.051088
3.051855
3.052622
3.053389
3.054156
3.054923
3.055690
3.056457
3.057224
3.057991
3.058758
3.059525
3.060292
3.061059
3.061826
3.062593
3.063360
3.064127
3.064894
3.065661
3.066428
3.067195
3.067962
3.068729
3.069496
3.070263
3.071030
3.071797
3.072564
3.073331
3.074097
3.074864
3.075631
3.076398
3.077165
3.077932
3.078699
3.079466
3.080233
3.081000
3.081767
3.082534
3.083301
3.084068
3.084835
3.085602
3.086369
3.087136
3.087903
3.088670
3.089437
3.090204
3.090971
3.091738
3.092505
3.093272
3.094039
3.094806
3.095573
3.096340
3.097107
3.097874
3.098641
3.099408
3.100175
3.100942
3.101709
3.102476
3.103243
3.104010
3.104777
3.105544
3.106311
3.107078
3.107845
3.108612
3.109379
3.110146
3.110913
3.111680
3.112447
3.113214
3.113981
3.114748
3.115515
3.116282
3.117049
3.117816
3.118583
3.119350
3.120117
3.120884
3.121651
3.122418
3.123185
3.123952
3.124719
3.125486
3.126253
3.127020
3.127787
3.128554
3.129321
3.130088
3.130855
3.131622
3.132389
3.133156
3.133923
3.134690
3.135457
3.136224
3.136991
3.137758
3.138525
3.139292
3.140059
3.140826
