0.000000
0.006136
0.012272
0.018408
0.024544
0.030680
0.036816
0.042951
0.049087
0.055223
0.061359
0.067495
0.073631
0.079767
0.085903
0.092039
0.098175
0.104311
0.110447
0.116583
0.122718
0.128854
0.134990
0.141126
0.147262
0.153398
0.159534
0.165670
0.171806
0.177942
0.184078
0.190214
0.196350
0.202485
0.208621
0.214757
0.220893
0.227029
0.233165
0.239301
0.245437
0.251573
0.257709
0.263845
0.269981
0.276117
0.282252
0.288388
0.294524
0.300660
0.306796
0.312932
0.319068
0.325204
0.331340
0.337476
0.343612
0.349748
0.355884
0.362019
0.368155
0.374291
0.380427
0.386563
0.392699
0.398835
0.404971
0.411107
0.417243
0.423379
0.429515
0.435651
0.441786
0.447922
0.454058
0.460194
0.466330
0.472466
0.478602
0.484738
0.490874
0.497010
0.503146
0.509282
0.515418
0.521553
0.527689
0.533825
0.539961
0.546097
0.552233
0.558369
0.564505
0.570641
0.576777
0.582913
0.589049
0.595185
0.601320
0.607456
0.613592
0.619728
0.625864
0.632000
0.638136
0.644272
0.650408
0.656544
0.662680
0.668816
0.674952
0.681087
0.687223
0.693359
0.699495
0.705631
0.711767
0.717903
0.724039
0.730175
0.736311
0.742447
0.748583
0.754719
0.760854
0.766990
0.773126
0.779262
0.785398
0.791534
0.797670
0.803806
0.809942
0.816078
0.822214
0.828350
0.834486
0.840621
0.846757
0.852893
0.859029
0.865165
0.871301
0.877437
0.883573
0.889709
0.895845
0.901981
0.908117
0.914253
0.920388
0.926524
0.932660
0.938796
0.944932
0.951068
0.957204
0.963340
0.969476
0.975612
0.981748
0.987884
0.994020
1.000155
1.006291
1.012427
1.018563
1.024699
1.030835
1.036971
1.043107
1.049243
1.055379
1.061515
1.067651
1.073787
1.079922
1.086058
1.092194
1.098330
1.104466
1.110602
1.116738
1.122874
1.129010
1.135146
1.141282
1.147418
1.153554
1.159689
1.165825
1.171961
1.178097
1.184233
1.190369
1.196505
1.202641
1.208777
1.214913
1.221049
1.227185
1.233321
1.239456
1.245592
1.251728
1.257864
1.264000
1.270136
1.276272
1.282408
1.288544
1.294680
1.300816
1.306952
1.313088
1.319223
1.325359
1.331495
1.337631
1.343767
1.349903
1.356039
1.362175
1.368311
1.374447
1.380583
1.386719
1.392855
1.398990
1.405126
1.411262
1.417398
1.423534
1.429670
1.435806
1.441942
1.448078
1.454214
1.460350
1.466486
1.472622
1.478757
1.484893
1.491029
1.497165
1.503301
1.509437
1.515573
1.521709
1.527845
1.533981
1.540117
1.546253
1.552389
1.558524
1.564660
1.570796
1.576932
1.583068
1.589204
1.595340
1.601476
1.607612
1.613748
1.619884
1.626020
1.632156
1.638291
1.644427
1.650563
1.656699
1.662835
1.668971
1.675107
1.681243
1.687379
1.693515
1.699651
1.705787
1.711923
1.718058
1.724194
1.730330
1.736466
1.742602
1.748738
1.754874
1.761010
1.767146
1.773282
1.779418
1.785554
1.791690
1.797825
1.803961
1.810097
1.816233
1.822369
1.828505
1.834641
1.840777
1.846913
1.853049
1.859185
1.865321
1.871457
1.877592
1.883728
1.889864
1.896000
1.902136
1.908272
1.914408
1.920544
1.926680
1.932816
1.938952
1.945088
1.951224
1.957359
1.963495
1.969631
1.975767
1.981903
1.988039
1.994175
2.000311
2.006447
2.012583
2.018719
2.024855
2.030991
2.037126
2.043262
2.049398
2.055534
2.061670
2.067806
2.073942
2.080078
2.086214
2.092350
2.098486
2.104622
2.110758
2.116893
2.123029
2.129165
2.135301
2.141437
2.147573
2.153709
2.159845
2.165981
2.172117
2.178253
2.184389
2.190525
2.196660
2.202796
2.208932
2.215068
2.221204
2.227340
2.233476
2.239612
2.245748
2.251884
2.258020
2.264156
2.270292
2.276427
2.282563
2.288699
2.294835
2.300971
2.307107
2.313243
2.319379
2.325515
2.331651
2.337787
2.343923
2.350059
2.356194
2.362330
2.368466
2.374602
2.380738
2.386874
2.393010
2.399146
2.405282
2.411418
2.417554
2.423690
2.429826
2.435961
2.442097
2.448233
2.454369
2.460505
2.466641
2.472777
2.478913
2.485049
2.491185
2.497321
2.503457
2.509593
2.515728
2.521864
2.528000
2.534136
2.540272
2.546408
2.552544
2.558680
2.564816
2.570952
2.577088
2.583224
2.589360
2.595495
2.601631
2.607767
2.613903
2.620039
2.626175
2.632311
2.638447
2.644583
2.650719
2.656855
2.662991
2.669127
2.675262
2.681398
2.687534
2.693670
2.699806
2.705942
2.712078
2.718214
2.724350
2.730486
2.736622
2.742758
2.748894
2.755029
2.761165
2.767301
2.773437
2.779573
2.785709
2.791845
2.797981
2.804117
2.810253
2.816389
2.822525
2.828661
2.834796
2.840932
2.847068
2.853204
2.859340
2.865476
2.871612
2.877748
2.883884
2.890020
2.896156
2.902292
2.908428
2.914563
2.920699
2.926835
2.932971
2.939107
2.945243
2.951379
2.957515
2.963651
2.969787
2.975923
2.982059
2.988195
2.994330
3.000466
3.006602
3.012738
3.018874
3.025010
3.031146
3.037282
3.043418
3.049554
3.055690
3.061826
3.067962
3.074097
3.080233
3.086369
3.092505
3.098641
3.104777
3.110913
3.117049
3.123185
3.129321
3.135457
